tiempo,entrada
0,1.4548
0.1,1.4548
0.2,1.4548
0.3,1.4548
0.4,1.4548
0.5,1.4548
0.6,1.4548
0.7,1.4548
0.8,1.4548
0.9,1.4548
1,1.4548
1.1,1.4548
1.2,1.4548
1.3,1.4548
1.4,1.4548
1.5,1.4548
1.6,1.4548
1.7,1.4548
1.8,1.4548
1.9,1.4548
2,1.4548
2.1,1.4548
2.2,1.4548
2.3,1.4548
2.4,1.4548
2.5,1.4548
2.6,1.4548
2.7,1.4548
2.8,1.4548
2.9,1.4548
3,1.4548
3.1,1.4548
3.2,1.4548
3.3,1.4548
3.4,1.4548
3.5,1.4548
3.6,1.4548
3.7,1.4548
3.8,1.4548
3.9,1.4548
4,1.4548
4.1,1.4548
4.2,1.4548
4.3,1.4548
4.4,1.4548
4.5,1.4548
4.6,1.4548
4.7,1.4548
4.8,1.4548
4.9,1.4548
5,1.4548
5.1,1.4548
5.2,1.4548
5.3,1.4548
5.4,1.4548
5.5,1.4548
5.6,1.4548
5.7,1.4548
5.8,1.4548
5.9,1.4548
6,1.4548
6.1,1.4548
6.2,1.4548
6.3,1.4548
6.4,1.4548
6.5,1.4548
6.6,1.4548
6.7,1.4548
6.8,1.4548
6.9,1.4548
7,1.4548
7.1,1.4548
7.2,1.4548
7.3,1.4548
7.4,1.4548
7.5,1.4548
7.6,1.4548
7.7,1.4548
7.8,1.4548
7.9,1.4548
8,1.4548
8.1,1.4548
8.2,1.4548
8.3,1.4548
8.4,1.4548
8.5,1.4548
8.6,1.4548
8.7,1.4548
8.8,1.4548
8.9,1.4548
9,1.4548
9.1,1.4548
9.2,1.4548
9.3,1.4548
9.4,1.4548
9.5,1.4548
9.6,1.4548
9.7,1.4548
9.8,1.4548
9.9,1.4548
10,1.4548
10.1,1.4548
10.2,1.4548
10.3,1.4548
10.4,1.4548
10.5,1.4548
10.6,1.4548
10.7,1.4548
10.8,1.4548
10.9,1.4548
11,1.4548
11.1,1.4548
11.2,1.4548
11.3,1.4548
11.4,1.4548
11.5,1.4548
11.6,1.4548
11.7,1.4548
11.8,1.4548
11.9,1.4548
12,1.4548
12.1,1.4548
12.2,1.4548
12.3,1.4548
12.4,1.4548
12.5,1.4548
12.6,1.4548
12.7,1.4548
12.8,1.4548
12.9,1.4548
13,1.4548
13.1,1.4548
13.2,1.4548
13.3,1.4548
13.4,1.4548
13.5,1.4548
13.6,1.4548
13.7,1.4548
13.8,1.4548
13.9,1.4548
14,1.4548
14.1,1.4548
14.2,1.4548
14.3,1.4548
14.4,1.4548
14.5,1.4548
14.6,1.4548
14.7,1.4548
14.8,1.4548
14.9,1.4548
15,1.7763
15.1,1.7763
15.2,1.7763
15.3,1.7763
15.4,1.7763
15.5,1.7763
15.6,1.7763
15.7,1.7763
15.8,1.7763
15.9,1.7763
16,1.7763
16.1,1.7763
16.2,1.7763
16.3,1.7763
16.4,1.7763
16.5,1.7763
16.6,1.7763
16.7,1.7763
16.8,1.7763
16.9,1.7763
17,1.7763
17.1,1.7763
17.2,1.7763
17.3,1.7763
17.4,1.7763
17.5,1.7763
17.6,1.7763
17.7,1.7763
17.8,1.7763
17.9,1.7763
18,1.7763
18.1,1.7763
18.2,1.7763
18.3,1.7763
18.4,1.7763
18.5,1.7763
18.6,1.7763
18.7,1.7763
18.8,1.7763
18.9,1.7763
19,1.7763
19.1,1.7763
19.2,1.7763
19.3,1.7763
19.4,1.7763
19.5,1.7763
19.6,1.7763
19.7,1.7763
19.8,1.7763
19.9,1.7763
20,1.7763
20.1,1.7763
20.2,1.7763
20.3,1.7763
20.4,1.7763
20.5,1.7763
20.6,1.7763
20.7,1.7763
20.8,1.7763
20.9,1.7763
21,1.7763
21.1,1.7763
21.2,1.7763
21.3,1.7763
21.4,1.7763
21.5,1.7763
21.6,1.7763
21.7,1.7763
21.8,1.7763
21.9,1.7763
22,1.7763
22.1,1.7763
22.2,1.7763
22.3,1.7763
22.4,1.7763
22.5,1.7763
22.6,1.7763
22.7,1.7763
22.8,1.7763
22.9,1.7763
23,1.7763
23.1,1.7763
23.2,1.7763
23.3,1.7763
23.4,1.7763
23.5,1.7763
23.6,1.7763
23.7,1.7763
23.8,1.7763
23.9,1.7763
24,1.7763
24.1,1.7763
24.2,1.7763
24.3,1.7763
24.4,1.7763
24.5,1.7763
24.6,1.7763
24.7,1.7763
24.8,1.7763
24.9,1.7763
25,1.7763
25.1,1.7763
25.2,1.7763
25.3,1.7763
25.4,1.7763
25.5,1.7763
25.6,1.7763
25.7,1.7763
25.8,1.7763
25.9,1.7763
26,1.7763
26.1,1.7763
26.2,1.7763
26.3,1.7763
26.4,1.7763
26.5,1.7763
26.6,1.7763
26.7,1.7763
26.8,1.7763
26.9,1.7763
27,1.7763
27.1,1.7763
27.2,1.7763
27.3,1.7763
27.4,1.7763
27.5,1.7763
27.6,1.7763
27.7,1.7763
27.8,1.7763
27.9,1.7763
28,1.7763
28.1,1.7763
28.2,1.7763
28.3,1.7763
28.4,1.7763
28.5,1.7763
28.6,1.7763
28.7,1.7763
28.8,1.7763
28.9,1.7763
29,1.7763
29.1,1.7763
29.2,1.7763
29.3,1.7763
29.4,1.7763
29.5,1.7763
29.6,1.7763
29.7,1.7763
29.8,1.7763
29.9,1.7763
30,0.3159
30.1,0.3159
30.2,0.3159
30.3,0.3159
30.4,0.3159
30.5,0.3159
30.6,0.3159
30.7,0.3159
30.8,0.3159
30.9,0.3159
31,0.3159
31.1,0.3159
31.2,0.3159
31.3,0.3159
31.4,0.3159
31.5,0.3159
31.6,0.3159
31.7,0.3159
31.8,0.3159
31.9,0.3159
32,0.3159
32.1,0.3159
32.2,0.3159
32.3,0.3159
32.4,0.3159
32.5,0.3159
32.6,0.3159
32.7,0.3159
32.8,0.3159
32.9,0.3159
33,0.3159
33.1,0.3159
33.2,0.3159
33.3,0.3159
33.4,0.3159
33.5,0.3159
33.6,0.3159
33.7,0.3159
33.8,0.3159
33.9,0.3159
34,0.3159
34.1,0.3159
34.2,0.3159
34.3,0.3159
34.4,0.3159
34.5,0.3159
34.6,0.3159
34.7,0.3159
34.8,0.3159
34.9,0.3159
35,0.3159
35.1,0.3159
35.2,0.3159
35.3,0.3159
35.4,0.3159
35.5,0.3159
35.6,0.3159
35.7,0.3159
35.8,0.3159
35.9,0.3159
36,0.3159
36.1,0.3159
36.2,0.3159
36.3,0.3159
36.4,0.3159
36.5,0.3159
36.6,0.3159
36.7,0.3159
36.8,0.3159
36.9,0.3159
37,0.3159
37.1,0.3159
37.2,0.3159
37.3,0.3159
37.4,0.3159
37.5,0.3159
37.6,0.3159
37.7,0.3159
37.8,0.3159
37.9,0.3159
38,0.3159
38.1,0.3159
38.2,0.3159
38.3,0.3159
38.4,0.3159
38.5,0.3159
38.6,0.3159
38.7,0.3159
38.8,0.3159
38.9,0.3159
39,0.3159
39.1,0.3159
39.2,0.3159
39.3,0.3159
39.4,0.3159
39.5,0.3159
39.6,0.3159
39.7,0.3159
39.8,0.3159
39.9,0.3159
40,0.3159
40.1,0.3159
40.2,0.3159
40.3,0.3159
40.4,0.3159
40.5,0.3159
40.6,0.3159
40.7,0.3159
40.8,0.3159
40.9,0.3159
41,0.3159
41.1,0.3159
41.2,0.3159
41.3,0.3159
41.4,0.3159
41.5,0.3159
41.6,0.3159
41.7,0.3159
41.8,0.3159
41.9,0.3159
42,0.3159
42.1,0.3159
42.2,0.3159
42.3,0.3159
42.4,0.3159
42.5,0.3159
42.6,0.3159
42.7,0.3159
42.8,0.3159
42.9,0.3159
43,0.3159
43.1,0.3159
43.2,0.3159
43.3,0.3159
43.4,0.3159
43.5,0.3159
43.6,0.3159
43.7,0.3159
43.8,0.3159
43.9,0.3159
44,0.3159
44.1,0.3159
44.2,0.3159
44.3,0.3159
44.4,0.3159
44.5,0.3159
44.6,0.3159
44.7,0.3159
44.8,0.3159
44.9,0.3159
45,1.8899
45.1,1.8899
45.2,1.8899
45.3,1.8899
45.4,1.8899
45.5,1.8899
45.6,1.8899
45.7,1.8899
45.8,1.8899
45.9,1.8899
46,1.8899
46.1,1.8899
46.2,1.8899
46.3,1.8899
46.4,1.8899
46.5,1.8899
46.6,1.8899
46.7,1.8899
46.8,1.8899
46.9,1.8899
47,1.8899
47.1,1.8899
47.2,1.8899
47.3,1.8899
47.4,1.8899
47.5,1.8899
47.6,1.8899
47.7,1.8899
47.8,1.8899
47.9,1.8899
48,1.8899
48.1,1.8899
48.2,1.8899
48.3,1.8899
48.4,1.8899
48.5,1.8899
48.6,1.8899
48.7,1.8899
48.8,1.8899
48.9,1.8899
49,1.8899
49.1,1.8899
49.2,1.8899
49.3,1.8899
49.4,1.8899
49.5,1.8899
49.6,1.8899
49.7,1.8899
49.8,1.8899
49.9,1.8899
50,1.8899
50.1,1.8899
50.2,1.8899
50.3,1.8899
50.4,1.8899
50.5,1.8899
50.6,1.8899
50.7,1.8899
50.8,1.8899
50.9,1.8899
51,1.8899
51.1,1.8899
51.2,1.8899
51.3,1.8899
51.4,1.8899
51.5,1.8899
51.6,1.8899
51.7,1.8899
51.8,1.8899
51.9,1.8899
52,1.8899
52.1,1.8899
52.2,1.8899
52.3,1.8899
52.4,1.8899
52.5,1.8899
52.6,1.8899
52.7,1.8899
52.8,1.8899
52.9,1.8899
53,1.8899
53.1,1.8899
53.2,1.8899
53.3,1.8899
53.4,1.8899
53.5,1.8899
53.6,1.8899
53.7,1.8899
53.8,1.8899
53.9,1.8899
54,1.8899
54.1,1.8899
54.2,1.8899
54.3,1.8899
54.4,1.8899
54.5,1.8899
54.6,1.8899
54.7,1.8899
54.8,1.8899
54.9,1.8899
55,1.8899
55.1,1.8899
55.2,1.8899
55.3,1.8899
55.4,1.8899
55.5,1.8899
55.6,1.8899
55.7,1.8899
55.8,1.8899
55.9,1.8899
56,1.8899
56.1,1.8899
56.2,1.8899
56.3,1.8899
56.4,1.8899
56.5,1.8899
56.6,1.8899
56.7,1.8899
56.8,1.8899
56.9,1.8899
57,1.8899
57.1,1.8899
57.2,1.8899
57.3,1.8899
57.4,1.8899
57.5,1.8899
57.6,1.8899
57.7,1.8899
57.8,1.8899
57.9,1.8899
58,1.8899
58.1,1.8899
58.2,1.8899
58.3,1.8899
58.4,1.8899
58.5,1.8899
58.6,1.8899
58.7,1.8899
58.8,1.8899
58.9,1.8899
59,1.8899
59.1,1.8899
59.2,1.8899
59.3,1.8899
59.4,1.8899
59.5,1.8899
59.6,1.8899
59.7,1.8899
59.8,1.8899
59.9,1.8899
60,-1.8314
60.1,-1.8314
60.2,-1.8314
60.3,-1.8314
60.4,-1.8314
60.5,-1.8314
60.6,-1.8314
60.7,-1.8314
60.8,-1.8314
60.9,-1.8314
61,-1.8314
61.1,-1.8314
61.2,-1.8314
61.3,-1.8314
61.4,-1.8314
61.5,-1.8314
61.6,-1.8314
61.7,-1.8314
61.8,-1.8314
61.9,-1.8314
62,-1.8314
62.1,-1.8314
62.2,-1.8314
62.3,-1.8314
62.4,-1.8314
62.5,-1.8314
62.6,-1.8314
62.7,-1.8314
62.8,-1.8314
62.9,-1.8314
63,-1.8314
63.1,-1.8314
63.2,-1.8314
63.3,-1.8314
63.4,-1.8314
63.5,-1.8314
63.6,-1.8314
63.7,-1.8314
63.8,-1.8314
63.9,-1.8314
64,-1.8314
64.1,-1.8314
64.2,-1.8314
64.3,-1.8314
64.4,-1.8314
64.5,-1.8314
64.6,-1.8314
64.7,-1.8314
64.8,-1.8314
64.9,-1.8314
65,-1.8314
65.1,-1.8314
65.2,-1.8314
65.3,-1.8314
65.4,-1.8314
65.5,-1.8314
65.6,-1.8314
65.7,-1.8314
65.8,-1.8314
65.9,-1.8314
66,-1.8314
66.1,-1.8314
66.2,-1.8314
66.3,-1.8314
66.4,-1.8314
66.5,-1.8314
66.6,-1.8314
66.7,-1.8314
66.8,-1.8314
66.9,-1.8314
67,-1.8314
67.1,-1.8314
67.2,-1.8314
67.3,-1.8314
67.4,-1.8314
67.5,-1.8314
67.6,-1.8314
67.7,-1.8314
67.8,-1.8314
67.9,-1.8314
68,-1.8314
68.1,-1.8314
68.2,-1.8314
68.3,-1.8314
68.4,-1.8314
68.5,-1.8314
68.6,-1.8314
68.7,-1.8314
68.8,-1.8314
68.9,-1.8314
69,-1.8314
69.1,-1.8314
69.2,-1.8314
69.3,-1.8314
69.4,-1.8314
69.5,-1.8314
69.6,-1.8314
69.7,-1.8314
69.8,-1.8314
69.9,-1.8314
70,-1.8314
70.1,-1.8314
70.2,-1.8314
70.3,-1.8314
70.4,-1.8314
70.5,-1.8314
70.6,-1.8314
70.7,-1.8314
70.8,-1.8314
70.9,-1.8314
71,-1.8314
71.1,-1.8314
71.2,-1.8314
71.3,-1.8314
71.4,-1.8314
71.5,-1.8314
71.6,-1.8314
71.7,-1.8314
71.8,-1.8314
71.9,-1.8314
72,-1.8314
72.1,-1.8314
72.2,-1.8314
72.3,-1.8314
72.4,-1.8314
72.5,-1.8314
72.6,-1.8314
72.7,-1.8314
72.8,-1.8314
72.9,-1.8314
73,-1.8314
73.1,-1.8314
73.2,-1.8314
73.3,-1.8314
73.4,-1.8314
73.5,-1.8314
73.6,-1.8314
73.7,-1.8314
73.8,-1.8314
73.9,-1.8314
74,-1.8314
74.1,-1.8314
74.2,-1.8314
74.3,-1.8314
74.4,-1.8314
74.5,-1.8314
74.6,-1.8314
74.7,-1.8314
74.8,-1.8314
74.9,-1.8314
75,1.749
75.1,1.749
75.2,1.749
75.3,1.749
75.4,1.749
75.5,1.749
75.6,1.749
75.7,1.749
75.8,1.749
75.9,1.749
76,1.749
76.1,1.749
76.2,1.749
76.3,1.749
76.4,1.749
76.5,1.749
76.6,1.749
76.7,1.749
76.8,1.749
76.9,1.749
77,1.749
77.1,1.749
77.2,1.749
77.3,1.749
77.4,1.749
77.5,1.749
77.6,1.749
77.7,1.749
77.8,1.749
77.9,1.749
78,1.749
78.1,1.749
78.2,1.749
78.3,1.749
78.4,1.749
78.5,1.749
78.6,1.749
78.7,1.749
78.8,1.749
78.9,1.749
79,1.749
79.1,1.749
79.2,1.749
79.3,1.749
79.4,1.749
79.5,1.749
79.6,1.749
79.7,1.749
79.8,1.749
79.9,1.749
80,1.749
80.1,1.749
80.2,1.749
80.3,1.749
80.4,1.749
80.5,1.749
80.6,1.749
80.7,1.749
80.8,1.749
80.9,1.749
81,1.749
81.1,1.749
81.2,1.749
81.3,1.749
81.4,1.749
81.5,1.749
81.6,1.749
81.7,1.749
81.8,1.749
81.9,1.749
82,1.749
82.1,1.749
82.2,1.749
82.3,1.749
82.4,1.749
82.5,1.749
82.6,1.749
82.7,1.749
82.8,1.749
82.9,1.749
83,1.749
83.1,1.749
83.2,1.749
83.3,1.749
83.4,1.749
83.5,1.749
83.6,1.749
83.7,1.749
83.8,1.749
83.9,1.749
84,1.749
84.1,1.749
84.2,1.749
84.3,1.749
84.4,1.749
84.5,1.749
84.6,1.749
84.7,1.749
84.8,1.749
84.9,1.749
85,1.749
85.1,1.749
85.2,1.749
85.3,1.749
85.4,1.749
85.5,1.749
85.6,1.749
85.7,1.749
85.8,1.749
85.9,1.749
86,1.749
86.1,1.749
86.2,1.749
86.3,1.749
86.4,1.749
86.5,1.749
86.6,1.749
86.7,1.749
86.8,1.749
86.9,1.749
87,1.749
87.1,1.749
87.2,1.749
87.3,1.749
87.4,1.749
87.5,1.749
87.6,1.749
87.7,1.749
87.8,1.749
87.9,1.749
88,1.749
88.1,1.749
88.2,1.749
88.3,1.749
88.4,1.749
88.5,1.749
88.6,1.749
88.7,1.749
88.8,1.749
88.9,1.749
89,1.749
89.1,1.749
89.2,1.749
89.3,1.749
89.4,1.749
89.5,1.749
89.6,1.749
89.7,1.749
89.8,1.749
89.9,1.749
90,2
90.1,2
90.2,2
90.3,2
90.4,2
90.5,2
90.6,2
90.7,2
90.8,2
90.9,2
91,2
91.1,2
91.2,2
91.3,2
91.4,2
91.5,2
91.6,2
91.7,2
91.8,2
91.9,2
92,2
92.1,2
92.2,2
92.3,2
92.4,2
92.5,2
92.6,2
92.7,2
92.8,2
92.9,2
93,2
93.1,2
93.2,2
93.3,2
93.4,2
93.5,2
93.6,2
93.7,2
93.8,2
93.9,2
94,2
94.1,2
94.2,2
94.3,2
94.4,2
94.5,2
94.6,2
94.7,2
94.8,2
94.9,2
95,2
95.1,2
95.2,2
95.3,2
95.4,2
95.5,2
95.6,2
95.7,2
95.8,2
95.9,2
96,2
96.1,2
96.2,2
96.3,2
96.4,2
96.5,2
96.6,2
96.7,2
96.8,2
96.9,2
97,2
97.1,2
97.2,2
97.3,2
97.4,2
97.5,2
97.6,2
97.7,2
97.8,2
97.9,2
98,2
98.1,2
98.2,2
98.3,2
98.4,2
98.5,2
98.6,2
98.7,2
98.8,2
98.9,2
99,2
99.1,2
99.2,2
99.3,2
99.4,2
99.5,2
99.6,2
99.7,2
99.8,2
99.9,2
100,2
100.1,2
100.2,2
100.3,2
100.4,2
100.5,2
100.6,2
100.7,2
100.8,2
100.9,2
101,2
101.1,2
101.2,2
101.3,2
101.4,2
101.5,2
101.6,2
101.7,2
101.8,2
101.9,2
102,2
102.1,2
102.2,2
102.3,2
102.4,2
102.5,2
102.6,2
102.7,2
102.8,2
102.9,2
103,2
103.1,2
103.2,2
103.3,2
103.4,2
103.5,2
103.6,2
103.7,2
103.8,2
103.9,2
104,2
104.1,2
104.2,2
104.3,2
104.4,2
104.5,2
104.6,2
104.7,2
104.8,2
104.9,2
105,-1.0565
105.1,-1.0565
105.2,-1.0565
105.3,-1.0565
105.4,-1.0565
105.5,-1.0565
105.6,-1.0565
105.7,-1.0565
105.8,-1.0565
105.9,-1.0565
106,-1.0565
106.1,-1.0565
106.2,-1.0565
106.3,-1.0565
106.4,-1.0565
106.5,-1.0565
106.6,-1.0565
106.7,-1.0565
106.8,-1.0565
106.9,-1.0565
107,-1.0565
107.1,-1.0565
107.2,-1.0565
107.3,-1.0565
107.4,-1.0565
107.5,-1.0565
107.6,-1.0565
107.7,-1.0565
107.8,-1.0565
107.9,-1.0565
108,-1.0565
108.1,-1.0565
108.2,-1.0565
108.3,-1.0565
108.4,-1.0565
108.5,-1.0565
108.6,-1.0565
108.7,-1.0565
108.8,-1.0565
108.9,-1.0565
109,-1.0565
109.1,-1.0565
109.2,-1.0565
109.3,-1.0565
109.4,-1.0565
109.5,-1.0565
109.6,-1.0565
109.7,-1.0565
109.8,-1.0565
109.9,-1.0565
110,-1.0565
110.1,-1.0565
110.2,-1.0565
110.3,-1.0565
110.4,-1.0565
110.5,-1.0565
110.6,-1.0565
110.7,-1.0565
110.8,-1.0565
110.9,-1.0565
111,-1.0565
111.1,-1.0565
111.2,-1.0565
111.3,-1.0565
111.4,-1.0565
111.5,-1.0565
111.6,-1.0565
111.7,-1.0565
111.8,-1.0565
111.9,-1.0565
112,-1.0565
112.1,-1.0565
112.2,-1.0565
112.3,-1.0565
112.4,-1.0565
112.5,-1.0565
112.6,-1.0565
112.7,-1.0565
112.8,-1.0565
112.9,-1.0565
113,-1.0565
113.1,-1.0565
113.2,-1.0565
113.3,-1.0565
113.4,-1.0565
113.5,-1.0565
113.6,-1.0565
113.7,-1.0565
113.8,-1.0565
113.9,-1.0565
114,-1.0565
114.1,-1.0565
114.2,-1.0565
114.3,-1.0565
114.4,-1.0565
114.5,-1.0565
114.6,-1.0565
114.7,-1.0565
114.8,-1.0565
114.9,-1.0565
115,-1.0565
115.1,-1.0565
115.2,-1.0565
115.3,-1.0565
115.4,-1.0565
115.5,-1.0565
115.6,-1.0565
115.7,-1.0565
115.8,-1.0565
115.9,-1.0565
116,-1.0565
116.1,-1.0565
116.2,-1.0565
116.3,-1.0565
116.4,-1.0565
116.5,-1.0565
116.6,-1.0565
116.7,-1.0565
116.8,-1.0565
116.9,-1.0565
117,-1.0565
117.1,-1.0565
117.2,-1.0565
117.3,-1.0565
117.4,-1.0565
117.5,-1.0565
117.6,-1.0565
117.7,-1.0565
117.8,-1.0565
117.9,-1.0565
118,-1.0565
118.1,-1.0565
118.2,-1.0565
118.3,-1.0565
118.4,-1.0565
118.5,-1.0565
118.6,-1.0565
118.7,-1.0565
118.8,-1.0565
118.9,-1.0565
119,-1.0565
119.1,-1.0565
119.2,-1.0565
119.3,-1.0565
119.4,-1.0565
119.5,-1.0565
119.6,-1.0565
119.7,-1.0565
119.8,-1.0565
119.9,-1.0565
120,-1.4548
120.1,-1.4548
120.2,-1.4548
120.3,-1.4548
120.4,-1.4548
120.5,-1.4548
120.6,-1.4548
120.7,-1.4548
120.8,-1.4548
120.9,-1.4548
121,-1.4548
121.1,-1.4548
121.2,-1.4548
121.3,-1.4548
121.4,-1.4548
121.5,-1.4548
121.6,-1.4548
121.7,-1.4548
121.8,-1.4548
121.9,-1.4548
122,-1.4548
122.1,-1.4548
122.2,-1.4548
122.3,-1.4548
122.4,-1.4548
122.5,-1.4548
122.6,-1.4548
122.7,-1.4548
122.8,-1.4548
122.9,-1.4548
123,-1.4548
123.1,-1.4548
123.2,-1.4548
123.3,-1.4548
123.4,-1.4548
123.5,-1.4548
123.6,-1.4548
123.7,-1.4548
123.8,-1.4548
123.9,-1.4548
124,-1.4548
124.1,-1.4548
124.2,-1.4548
124.3,-1.4548
124.4,-1.4548
124.5,-1.4548
124.6,-1.4548
124.7,-1.4548
124.8,-1.4548
124.9,-1.4548
125,-1.4548
125.1,-1.4548
125.2,-1.4548
125.3,-1.4548
125.4,-1.4548
125.5,-1.4548
125.6,-1.4548
125.7,-1.4548
125.8,-1.4548
125.9,-1.4548
126,-1.4548
126.1,-1.4548
126.2,-1.4548
126.3,-1.4548
126.4,-1.4548
126.5,-1.4548
126.6,-1.4548
126.7,-1.4548
126.8,-1.4548
126.9,-1.4548
127,-1.4548
127.1,-1.4548
127.2,-1.4548
127.3,-1.4548
127.4,-1.4548
127.5,-1.4548
127.6,-1.4548
127.7,-1.4548
127.8,-1.4548
127.9,-1.4548
128,-1.4548
128.1,-1.4548
128.2,-1.4548
128.3,-1.4548
128.4,-1.4548
128.5,-1.4548
128.6,-1.4548
128.7,-1.4548
128.8,-1.4548
128.9,-1.4548
129,-1.4548
129.1,-1.4548
129.2,-1.4548
129.3,-1.4548
129.4,-1.4548
129.5,-1.4548
129.6,-1.4548
129.7,-1.4548
129.8,-1.4548
129.9,-1.4548
130,-1.4548
130.1,-1.4548
130.2,-1.4548
130.3,-1.4548
130.4,-1.4548
130.5,-1.4548
130.6,-1.4548
130.7,-1.4548
130.8,-1.4548
130.9,-1.4548
131,-1.4548
131.1,-1.4548
131.2,-1.4548
131.3,-1.4548
131.4,-1.4548
131.5,-1.4548
131.6,-1.4548
131.7,-1.4548
131.8,-1.4548
131.9,-1.4548
132,-1.4548
132.1,-1.4548
132.2,-1.4548
132.3,-1.4548
132.4,-1.4548
132.5,-1.4548
132.6,-1.4548
132.7,-1.4548
132.8,-1.4548
132.9,-1.4548
133,-1.4548
133.1,-1.4548
133.2,-1.4548
133.3,-1.4548
133.4,-1.4548
133.5,-1.4548
133.6,-1.4548
133.7,-1.4548
133.8,-1.4548
133.9,-1.4548
134,-1.4548
134.1,-1.4548
134.2,-1.4548
134.3,-1.4548
134.4,-1.4548
134.5,-1.4548
134.6,-1.4548
134.7,-1.4548
134.8,-1.4548
134.9,-1.4548
135,-1.7763
135.1,-1.7763
135.2,-1.7763
135.3,-1.7763
135.4,-1.7763
135.5,-1.7763
135.6,-1.7763
135.7,-1.7763
135.8,-1.7763
135.9,-1.7763
136,-1.7763
136.1,-1.7763
136.2,-1.7763
136.3,-1.7763
136.4,-1.7763
136.5,-1.7763
136.6,-1.7763
136.7,-1.7763
136.8,-1.7763
136.9,-1.7763
137,-1.7763
137.1,-1.7763
137.2,-1.7763
137.3,-1.7763
137.4,-1.7763
137.5,-1.7763
137.6,-1.7763
137.7,-1.7763
137.8,-1.7763
137.9,-1.7763
138,-1.7763
138.1,-1.7763
138.2,-1.7763
138.3,-1.7763
138.4,-1.7763
138.5,-1.7763
138.6,-1.7763
138.7,-1.7763
138.8,-1.7763
138.9,-1.7763
139,-1.7763
139.1,-1.7763
139.2,-1.7763
139.3,-1.7763
139.4,-1.7763
139.5,-1.7763
139.6,-1.7763
139.7,-1.7763
139.8,-1.7763
139.9,-1.7763
140,-1.7763
140.1,-1.7763
140.2,-1.7763
140.3,-1.7763
140.4,-1.7763
140.5,-1.7763
140.6,-1.7763
140.7,-1.7763
140.8,-1.7763
140.9,-1.7763
141,-1.7763
141.1,-1.7763
141.2,-1.7763
141.3,-1.7763
141.4,-1.7763
141.5,-1.7763
141.6,-1.7763
141.7,-1.7763
141.8,-1.7763
141.9,-1.7763
142,-1.7763
142.1,-1.7763
142.2,-1.7763
142.3,-1.7763
142.4,-1.7763
142.5,-1.7763
142.6,-1.7763
142.7,-1.7763
142.8,-1.7763
142.9,-1.7763
143,-1.7763
143.1,-1.7763
143.2,-1.7763
143.3,-1.7763
143.4,-1.7763
143.5,-1.7763
143.6,-1.7763
143.7,-1.7763
143.8,-1.7763
143.9,-1.7763
144,-1.7763
144.1,-1.7763
144.2,-1.7763
144.3,-1.7763
144.4,-1.7763
144.5,-1.7763
144.6,-1.7763
144.7,-1.7763
144.8,-1.7763
144.9,-1.7763
145,-1.7763
145.1,-1.7763
145.2,-1.7763
145.3,-1.7763
145.4,-1.7763
145.5,-1.7763
145.6,-1.7763
145.7,-1.7763
145.8,-1.7763
145.9,-1.7763
146,-1.7763
146.1,-1.7763
146.2,-1.7763
146.3,-1.7763
146.4,-1.7763
146.5,-1.7763
146.6,-1.7763
146.7,-1.7763
146.8,-1.7763
146.9,-1.7763
147,-1.7763
147.1,-1.7763
147.2,-1.7763
147.3,-1.7763
147.4,-1.7763
147.5,-1.7763
147.6,-1.7763
147.7,-1.7763
147.8,-1.7763
147.9,-1.7763
148,-1.7763
148.1,-1.7763
148.2,-1.7763
148.3,-1.7763
148.4,-1.7763
148.5,-1.7763
148.6,-1.7763
148.7,-1.7763
148.8,-1.7763
148.9,-1.7763
149,-1.7763
149.1,-1.7763
149.2,-1.7763
149.3,-1.7763
149.4,-1.7763
149.5,-1.7763
149.6,-1.7763
149.7,-1.7763
149.8,-1.7763
149.9,-1.7763
150,-0.3159
150.1,-0.3159
150.2,-0.3159
150.3,-0.3159
150.4,-0.3159
150.5,-0.3159
150.6,-0.3159
150.7,-0.3159
150.8,-0.3159
150.9,-0.3159
151,-0.3159
151.1,-0.3159
151.2,-0.3159
151.3,-0.3159
151.4,-0.3159
151.5,-0.3159
151.6,-0.3159
151.7,-0.3159
151.8,-0.3159
151.9,-0.3159
152,-0.3159
152.1,-0.3159
152.2,-0.3159
152.3,-0.3159
152.4,-0.3159
152.5,-0.3159
152.6,-0.3159
152.7,-0.3159
152.8,-0.3159
152.9,-0.3159
153,-0.3159
153.1,-0.3159
153.2,-0.3159
153.3,-0.3159
153.4,-0.3159
153.5,-0.3159
153.6,-0.3159
153.7,-0.3159
153.8,-0.3159
153.9,-0.3159
154,-0.3159
154.1,-0.3159
154.2,-0.3159
154.3,-0.3159
154.4,-0.3159
154.5,-0.3159
154.6,-0.3159
154.7,-0.3159
154.8,-0.3159
154.9,-0.3159
155,-0.3159
155.1,-0.3159
155.2,-0.3159
155.3,-0.3159
155.4,-0.3159
155.5,-0.3159
155.6,-0.3159
155.7,-0.3159
155.8,-0.3159
155.9,-0.3159
156,-0.3159
156.1,-0.3159
156.2,-0.3159
156.3,-0.3159
156.4,-0.3159
156.5,-0.3159
156.6,-0.3159
156.7,-0.3159
156.8,-0.3159
156.9,-0.3159
157,-0.3159
157.1,-0.3159
157.2,-0.3159
157.3,-0.3159
157.4,-0.3159
157.5,-0.3159
157.6,-0.3159
157.7,-0.3159
157.8,-0.3159
157.9,-0.3159
158,-0.3159
158.1,-0.3159
158.2,-0.3159
158.3,-0.3159
158.4,-0.3159
158.5,-0.3159
158.6,-0.3159
158.7,-0.3159
158.8,-0.3159
158.9,-0.3159
159,-0.3159
159.1,-0.3159
159.2,-0.3159
159.3,-0.3159
159.4,-0.3159
159.5,-0.3159
159.6,-0.3159
159.7,-0.3159
159.8,-0.3159
159.9,-0.3159
160,-0.3159
160.1,-0.3159
160.2,-0.3159
160.3,-0.3159
160.4,-0.3159
160.5,-0.3159
160.6,-0.3159
160.7,-0.3159
160.8,-0.3159
160.9,-0.3159
161,-0.3159
161.1,-0.3159
161.2,-0.3159
161.3,-0.3159
161.4,-0.3159
161.5,-0.3159
161.6,-0.3159
161.7,-0.3159
161.8,-0.3159
161.9,-0.3159
162,-0.3159
162.1,-0.3159
162.2,-0.3159
162.3,-0.3159
162.4,-0.3159
162.5,-0.3159
162.6,-0.3159
162.7,-0.3159
162.8,-0.3159
162.9,-0.3159
163,-0.3159
163.1,-0.3159
163.2,-0.3159
163.3,-0.3159
163.4,-0.3159
163.5,-0.3159
163.6,-0.3159
163.7,-0.3159
163.8,-0.3159
163.9,-0.3159
164,-0.3159
164.1,-0.3159
164.2,-0.3159
164.3,-0.3159
164.4,-0.3159
164.5,-0.3159
164.6,-0.3159
164.7,-0.3159
164.8,-0.3159
164.9,-0.3159
165,-1.8899
165.1,-1.8899
165.2,-1.8899
165.3,-1.8899
165.4,-1.8899
165.5,-1.8899
165.6,-1.8899
165.7,-1.8899
165.8,-1.8899
165.9,-1.8899
166,-1.8899
166.1,-1.8899
166.2,-1.8899
166.3,-1.8899
166.4,-1.8899
166.5,-1.8899
166.6,-1.8899
166.7,-1.8899
166.8,-1.8899
166.9,-1.8899
167,-1.8899
167.1,-1.8899
167.2,-1.8899
167.3,-1.8899
167.4,-1.8899
167.5,-1.8899
167.6,-1.8899
167.7,-1.8899
167.8,-1.8899
167.9,-1.8899
168,-1.8899
168.1,-1.8899
168.2,-1.8899
168.3,-1.8899
168.4,-1.8899
168.5,-1.8899
168.6,-1.8899
168.7,-1.8899
168.8,-1.8899
168.9,-1.8899
169,-1.8899
169.1,-1.8899
169.2,-1.8899
169.3,-1.8899
169.4,-1.8899
169.5,-1.8899
169.6,-1.8899
169.7,-1.8899
169.8,-1.8899
169.9,-1.8899
170,-1.8899
170.1,-1.8899
170.2,-1.8899
170.3,-1.8899
170.4,-1.8899
170.5,-1.8899
170.6,-1.8899
170.7,-1.8899
170.8,-1.8899
170.9,-1.8899
171,-1.8899
171.1,-1.8899
171.2,-1.8899
171.3,-1.8899
171.4,-1.8899
171.5,-1.8899
171.6,-1.8899
171.7,-1.8899
171.8,-1.8899
171.9,-1.8899
172,-1.8899
172.1,-1.8899
172.2,-1.8899
172.3,-1.8899
172.4,-1.8899
172.5,-1.8899
172.6,-1.8899
172.7,-1.8899
172.8,-1.8899
172.9,-1.8899
173,-1.8899
173.1,-1.8899
173.2,-1.8899
173.3,-1.8899
173.4,-1.8899
173.5,-1.8899
173.6,-1.8899
173.7,-1.8899
173.8,-1.8899
173.9,-1.8899
174,-1.8899
174.1,-1.8899
174.2,-1.8899
174.3,-1.8899
174.4,-1.8899
174.5,-1.8899
174.6,-1.8899
174.7,-1.8899
174.8,-1.8899
174.9,-1.8899
175,-1.8899
175.1,-1.8899
175.2,-1.8899
175.3,-1.8899
175.4,-1.8899
175.5,-1.8899
175.6,-1.8899
175.7,-1.8899
175.8,-1.8899
175.9,-1.8899
176,-1.8899
176.1,-1.8899
176.2,-1.8899
176.3,-1.8899
176.4,-1.8899
176.5,-1.8899
176.6,-1.8899
176.7,-1.8899
176.8,-1.8899
176.9,-1.8899
177,-1.8899
177.1,-1.8899
177.2,-1.8899
177.3,-1.8899
177.4,-1.8899
177.5,-1.8899
177.6,-1.8899
177.7,-1.8899
177.8,-1.8899
177.9,-1.8899
178,-1.8899
178.1,-1.8899
178.2,-1.8899
178.3,-1.8899
178.4,-1.8899
178.5,-1.8899
178.6,-1.8899
178.7,-1.8899
178.8,-1.8899
178.9,-1.8899
179,-1.8899
179.1,-1.8899
179.2,-1.8899
179.3,-1.8899
179.4,-1.8899
179.5,-1.8899
179.6,-1.8899
179.7,-1.8899
179.8,-1.8899
179.9,-1.8899
180,1.8314
180.1,1.8314
180.2,1.8314
180.3,1.8314
180.4,1.8314
180.5,1.8314
180.6,1.8314
180.7,1.8314
180.8,1.8314
180.9,1.8314
181,1.8314
181.1,1.8314
181.2,1.8314
181.3,1.8314
181.4,1.8314
181.5,1.8314
181.6,1.8314
181.7,1.8314
181.8,1.8314
181.9,1.8314
182,1.8314
182.1,1.8314
182.2,1.8314
182.3,1.8314
182.4,1.8314
182.5,1.8314
182.6,1.8314
182.7,1.8314
182.8,1.8314
182.9,1.8314
183,1.8314
183.1,1.8314
183.2,1.8314
183.3,1.8314
183.4,1.8314
183.5,1.8314
183.6,1.8314
183.7,1.8314
183.8,1.8314
183.9,1.8314
184,1.8314
184.1,1.8314
184.2,1.8314
184.3,1.8314
184.4,1.8314
184.5,1.8314
184.6,1.8314
184.7,1.8314
184.8,1.8314
184.9,1.8314
185,1.8314
185.1,1.8314
185.2,1.8314
185.3,1.8314
185.4,1.8314
185.5,1.8314
185.6,1.8314
185.7,1.8314
185.8,1.8314
185.9,1.8314
186,1.8314
186.1,1.8314
186.2,1.8314
186.3,1.8314
186.4,1.8314
186.5,1.8314
186.6,1.8314
186.7,1.8314
186.8,1.8314
186.9,1.8314
187,1.8314
187.1,1.8314
187.2,1.8314
187.3,1.8314
187.4,1.8314
187.5,1.8314
187.6,1.8314
187.7,1.8314
187.8,1.8314
187.9,1.8314
188,1.8314
188.1,1.8314
188.2,1.8314
188.3,1.8314
188.4,1.8314
188.5,1.8314
188.6,1.8314
188.7,1.8314
188.8,1.8314
188.9,1.8314
189,1.8314
189.1,1.8314
189.2,1.8314
189.3,1.8314
189.4,1.8314
189.5,1.8314
189.6,1.8314
189.7,1.8314
189.8,1.8314
189.9,1.8314
190,1.8314
190.1,1.8314
190.2,1.8314
190.3,1.8314
190.4,1.8314
190.5,1.8314
190.6,1.8314
190.7,1.8314
190.8,1.8314
190.9,1.8314
191,1.8314
191.1,1.8314
191.2,1.8314
191.3,1.8314
191.4,1.8314
191.5,1.8314
191.6,1.8314
191.7,1.8314
191.8,1.8314
191.9,1.8314
192,1.8314
192.1,1.8314
192.2,1.8314
192.3,1.8314
192.4,1.8314
192.5,1.8314
192.6,1.8314
192.7,1.8314
192.8,1.8314
192.9,1.8314
193,1.8314
193.1,1.8314
193.2,1.8314
193.3,1.8314
193.4,1.8314
193.5,1.8314
193.6,1.8314
193.7,1.8314
193.8,1.8314
193.9,1.8314
194,1.8314
194.1,1.8314
194.2,1.8314
194.3,1.8314
194.4,1.8314
194.5,1.8314
194.6,1.8314
194.7,1.8314
194.8,1.8314
194.9,1.8314
195,-1.749
195.1,-1.749
195.2,-1.749
195.3,-1.749
195.4,-1.749
195.5,-1.749
195.6,-1.749
195.7,-1.749
195.8,-1.749
195.9,-1.749
196,-1.749
196.1,-1.749
196.2,-1.749
196.3,-1.749
196.4,-1.749
196.5,-1.749
196.6,-1.749
196.7,-1.749
196.8,-1.749
196.9,-1.749
197,-1.749
197.1,-1.749
197.2,-1.749
197.3,-1.749
197.4,-1.749
197.5,-1.749
197.6,-1.749
197.7,-1.749
197.8,-1.749
197.9,-1.749
198,-1.749
198.1,-1.749
198.2,-1.749
198.3,-1.749
198.4,-1.749
198.5,-1.749
198.6,-1.749
198.7,-1.749
198.8,-1.749
198.9,-1.749
199,-1.749
199.1,-1.749
199.2,-1.749
199.3,-1.749
199.4,-1.749
199.5,-1.749
199.6,-1.749
199.7,-1.749
199.8,-1.749
199.9,-1.749
200,-1.749
200.1,-1.749
200.2,-1.749
200.3,-1.749
200.4,-1.749
200.5,-1.749
200.6,-1.749
200.7,-1.749
200.8,-1.749
200.9,-1.749
201,-1.749
201.1,-1.749
201.2,-1.749
201.3,-1.749
201.4,-1.749
201.5,-1.749
201.6,-1.749
201.7,-1.749
201.8,-1.749
201.9,-1.749
202,-1.749
202.1,-1.749
202.2,-1.749
202.3,-1.749
202.4,-1.749
202.5,-1.749
202.6,-1.749
202.7,-1.749
202.8,-1.749
202.9,-1.749
203,-1.749
203.1,-1.749
203.2,-1.749
203.3,-1.749
203.4,-1.749
203.5,-1.749
203.6,-1.749
203.7,-1.749
203.8,-1.749
203.9,-1.749
204,-1.749
204.1,-1.749
204.2,-1.749
204.3,-1.749
204.4,-1.749
204.5,-1.749
204.6,-1.749
204.7,-1.749
204.8,-1.749
204.9,-1.749
205,-1.749
205.1,-1.749
205.2,-1.749
205.3,-1.749
205.4,-1.749
205.5,-1.749
205.6,-1.749
205.7,-1.749
205.8,-1.749
205.9,-1.749
206,-1.749
206.1,-1.749
206.2,-1.749
206.3,-1.749
206.4,-1.749
206.5,-1.749
206.6,-1.749
206.7,-1.749
206.8,-1.749
206.9,-1.749
207,-1.749
207.1,-1.749
207.2,-1.749
207.3,-1.749
207.4,-1.749
207.5,-1.749
207.6,-1.749
207.7,-1.749
207.8,-1.749
207.9,-1.749
208,-1.749
208.1,-1.749
208.2,-1.749
208.3,-1.749
208.4,-1.749
208.5,-1.749
208.6,-1.749
208.7,-1.749
208.8,-1.749
208.9,-1.749
209,-1.749
209.1,-1.749
209.2,-1.749
209.3,-1.749
209.4,-1.749
209.5,-1.749
209.6,-1.749
209.7,-1.749
209.8,-1.749
209.9,-1.749
210,-2
210.1,-2
210.2,-2
210.3,-2
210.4,-2
210.5,-2
210.6,-2
210.7,-2
210.8,-2
210.9,-2
211,-2
211.1,-2
211.2,-2
211.3,-2
211.4,-2
211.5,-2
211.6,-2
211.7,-2
211.8,-2
211.9,-2
212,-2
212.1,-2
212.2,-2
212.3,-2
212.4,-2
212.5,-2
212.6,-2
212.7,-2
212.8,-2
212.9,-2
213,-2
213.1,-2
213.2,-2
213.3,-2
213.4,-2
213.5,-2
213.6,-2
213.7,-2
213.8,-2
213.9,-2
214,-2
214.1,-2
214.2,-2
214.3,-2
214.4,-2
214.5,-2
214.6,-2
214.7,-2
214.8,-2
214.9,-2
215,-2
215.1,-2
215.2,-2
215.3,-2
215.4,-2
215.5,-2
215.6,-2
215.7,-2
215.8,-2
215.9,-2
216,-2
216.1,-2
216.2,-2
216.3,-2
216.4,-2
216.5,-2
216.6,-2
216.7,-2
216.8,-2
216.9,-2
217,-2
217.1,-2
217.2,-2
217.3,-2
217.4,-2
217.5,-2
217.6,-2
217.7,-2
217.8,-2
217.9,-2
218,-2
218.1,-2
218.2,-2
218.3,-2
218.4,-2
218.5,-2
218.6,-2
218.7,-2
218.8,-2
218.9,-2
219,-2
219.1,-2
219.2,-2
219.3,-2
219.4,-2
219.5,-2
219.6,-2
219.7,-2
219.8,-2
219.9,-2
220,-2
220.1,-2
220.2,-2
220.3,-2
220.4,-2
220.5,-2
220.6,-2
220.7,-2
220.8,-2
220.9,-2
221,-2
221.1,-2
221.2,-2
221.3,-2
221.4,-2
221.5,-2
221.6,-2
221.7,-2
221.8,-2
221.9,-2
222,-2
222.1,-2
222.2,-2
222.3,-2
222.4,-2
222.5,-2
222.6,-2
222.7,-2
222.8,-2
222.9,-2
223,-2
223.1,-2
223.2,-2
223.3,-2
223.4,-2
223.5,-2
223.6,-2
223.7,-2
223.8,-2
223.9,-2
224,-2
224.1,-2
224.2,-2
224.3,-2
224.4,-2
224.5,-2
224.6,-2
224.7,-2
224.8,-2
224.9,-2
225,1.0565
225.1,1.0565
225.2,1.0565
225.3,1.0565
225.4,1.0565
225.5,1.0565
225.6,1.0565
225.7,1.0565
225.8,1.0565
225.9,1.0565
226,1.0565
226.1,1.0565
226.2,1.0565
226.3,1.0565
226.4,1.0565
226.5,1.0565
226.6,1.0565
226.7,1.0565
226.8,1.0565
226.9,1.0565
227,1.0565
227.1,1.0565
227.2,1.0565
227.3,1.0565
227.4,1.0565
227.5,1.0565
227.6,1.0565
227.7,1.0565
227.8,1.0565
227.9,1.0565
228,1.0565
228.1,1.0565
228.2,1.0565
228.3,1.0565
228.4,1.0565
228.5,1.0565
228.6,1.0565
228.7,1.0565
228.8,1.0565
228.9,1.0565
229,1.0565
229.1,1.0565
229.2,1.0565
229.3,1.0565
229.4,1.0565
229.5,1.0565
229.6,1.0565
229.7,1.0565
229.8,1.0565
229.9,1.0565
230,1.0565
230.1,1.0565
230.2,1.0565
230.3,1.0565
230.4,1.0565
230.5,1.0565
230.6,1.0565
230.7,1.0565
230.8,1.0565
230.9,1.0565
231,1.0565
231.1,1.0565
231.2,1.0565
231.3,1.0565
231.4,1.0565
231.5,1.0565
231.6,1.0565
231.7,1.0565
231.8,1.0565
231.9,1.0565
232,1.0565
232.1,1.0565
232.2,1.0565
232.3,1.0565
232.4,1.0565
232.5,1.0565
232.6,1.0565
232.7,1.0565
232.8,1.0565
232.9,1.0565
233,1.0565
233.1,1.0565
233.2,1.0565
233.3,1.0565
233.4,1.0565
233.5,1.0565
233.6,1.0565
233.7,1.0565
233.8,1.0565
233.9,1.0565
234,1.0565
234.1,1.0565
234.2,1.0565
234.3,1.0565
234.4,1.0565
234.5,1.0565
234.6,1.0565
234.7,1.0565
234.8,1.0565
234.9,1.0565
235,1.0565
235.1,1.0565
235.2,1.0565
235.3,1.0565
235.4,1.0565
235.5,1.0565
235.6,1.0565
235.7,1.0565
235.8,1.0565
235.9,1.0565
236,1.0565
236.1,1.0565
236.2,1.0565
236.3,1.0565
236.4,1.0565
236.5,1.0565
236.6,1.0565
236.7,1.0565
236.8,1.0565
236.9,1.0565
237,1.0565
237.1,1.0565
237.2,1.0565
237.3,1.0565
237.4,1.0565
237.5,1.0565
237.6,1.0565
237.7,1.0565
237.8,1.0565
237.9,1.0565
238,1.0565
238.1,1.0565
238.2,1.0565
238.3,1.0565
238.4,1.0565
238.5,1.0565
238.6,1.0565
238.7,1.0565
238.8,1.0565
238.9,1.0565
239,1.0565
239.1,1.0565
239.2,1.0565
239.3,1.0565
239.4,1.0565
239.5,1.0565
239.6,1.0565
239.7,1.0565
239.8,1.0565
239.9,1.0565
240,1.4548
240.1,1.4548
240.2,1.4548
240.3,1.4548
240.4,1.4548
240.5,1.4548
240.6,1.4548
240.7,1.4548
240.8,1.4548
240.9,1.4548
241,1.4548
241.1,1.4548
241.2,1.4548
241.3,1.4548
241.4,1.4548
241.5,1.4548
241.6,1.4548
241.7,1.4548
241.8,1.4548
241.9,1.4548
242,1.4548
242.1,1.4548
242.2,1.4548
242.3,1.4548
242.4,1.4548
242.5,1.4548
242.6,1.4548
242.7,1.4548
242.8,1.4548
242.9,1.4548
243,1.4548
243.1,1.4548
243.2,1.4548
243.3,1.4548
243.4,1.4548
243.5,1.4548
243.6,1.4548
243.7,1.4548
243.8,1.4548
243.9,1.4548
244,1.4548
244.1,1.4548
244.2,1.4548
244.3,1.4548
244.4,1.4548
244.5,1.4548
244.6,1.4548
244.7,1.4548
244.8,1.4548
244.9,1.4548
245,1.4548
245.1,1.4548
245.2,1.4548
245.3,1.4548
245.4,1.4548
245.5,1.4548
245.6,1.4548
245.7,1.4548
245.8,1.4548
245.9,1.4548
246,1.4548
246.1,1.4548
246.2,1.4548
246.3,1.4548
246.4,1.4548
246.5,1.4548
246.6,1.4548
246.7,1.4548
246.8,1.4548
246.9,1.4548
247,1.4548
247.1,1.4548
247.2,1.4548
247.3,1.4548
247.4,1.4548
247.5,1.4548
247.6,1.4548
247.7,1.4548
247.8,1.4548
247.9,1.4548
248,1.4548
248.1,1.4548
248.2,1.4548
248.3,1.4548
248.4,1.4548
248.5,1.4548
248.6,1.4548
248.7,1.4548
248.8,1.4548
248.9,1.4548
249,1.4548
249.1,1.4548
249.2,1.4548
249.3,1.4548
249.4,1.4548
249.5,1.4548
249.6,1.4548
249.7,1.4548
249.8,1.4548
249.9,1.4548
250,1.4548
250.1,1.4548
250.2,1.4548
250.3,1.4548
250.4,1.4548
250.5,1.4548
250.6,1.4548
250.7,1.4548
250.8,1.4548
250.9,1.4548
251,1.4548
251.1,1.4548
251.2,1.4548
251.3,1.4548
251.4,1.4548
251.5,1.4548
251.6,1.4548
251.7,1.4548
251.8,1.4548
251.9,1.4548
252,1.4548
252.1,1.4548
252.2,1.4548
252.3,1.4548
252.4,1.4548
252.5,1.4548
252.6,1.4548
252.7,1.4548
252.8,1.4548
252.9,1.4548
253,1.4548
253.1,1.4548
253.2,1.4548
253.3,1.4548
253.4,1.4548
253.5,1.4548
253.6,1.4548
253.7,1.4548
253.8,1.4548
253.9,1.4548
254,1.4548
254.1,1.4548
254.2,1.4548
254.3,1.4548
254.4,1.4548
254.5,1.4548
254.6,1.4548
254.7,1.4548
254.8,1.4548
254.9,1.4548
255,1.7763
255.1,1.7763
255.2,1.7763
255.3,1.7763
255.4,1.7763
255.5,1.7763
255.6,1.7763
255.7,1.7763
255.8,1.7763
255.9,1.7763
256,1.7763
256.1,1.7763
256.2,1.7763
256.3,1.7763
256.4,1.7763
256.5,1.7763
256.6,1.7763
256.7,1.7763
256.8,1.7763
256.9,1.7763
257,1.7763
257.1,1.7763
257.2,1.7763
257.3,1.7763
257.4,1.7763
257.5,1.7763
257.6,1.7763
257.7,1.7763
257.8,1.7763
257.9,1.7763
258,1.7763
258.1,1.7763
258.2,1.7763
258.3,1.7763
258.4,1.7763
258.5,1.7763
258.6,1.7763
258.7,1.7763
258.8,1.7763
258.9,1.7763
259,1.7763
259.1,1.7763
259.2,1.7763
259.3,1.7763
259.4,1.7763
259.5,1.7763
259.6,1.7763
259.7,1.7763
259.8,1.7763
259.9,1.7763
260,1.7763
260.1,1.7763
260.2,1.7763
260.3,1.7763
260.4,1.7763
260.5,1.7763
260.6,1.7763
260.7,1.7763
260.8,1.7763
260.9,1.7763
261,1.7763
261.1,1.7763
261.2,1.7763
261.3,1.7763
261.4,1.7763
261.5,1.7763
261.6,1.7763
261.7,1.7763
261.8,1.7763
261.9,1.7763
262,1.7763
262.1,1.7763
262.2,1.7763
262.3,1.7763
262.4,1.7763
262.5,1.7763
262.6,1.7763
262.7,1.7763
262.8,1.7763
262.9,1.7763
263,1.7763
263.1,1.7763
263.2,1.7763
263.3,1.7763
263.4,1.7763
263.5,1.7763
263.6,1.7763
263.7,1.7763
263.8,1.7763
263.9,1.7763
264,1.7763
264.1,1.7763
264.2,1.7763
264.3,1.7763
264.4,1.7763
264.5,1.7763
264.6,1.7763
264.7,1.7763
264.8,1.7763
264.9,1.7763
265,1.7763
265.1,1.7763
265.2,1.7763
265.3,1.7763
265.4,1.7763
265.5,1.7763
265.6,1.7763
265.7,1.7763
265.8,1.7763
265.9,1.7763
266,1.7763
266.1,1.7763
266.2,1.7763
266.3,1.7763
266.4,1.7763
266.5,1.7763
266.6,1.7763
266.7,1.7763
266.8,1.7763
266.9,1.7763
267,1.7763
267.1,1.7763
267.2,1.7763
267.3,1.7763
267.4,1.7763
267.5,1.7763
267.6,1.7763
267.7,1.7763
267.8,1.7763
267.9,1.7763
268,1.7763
268.1,1.7763
268.2,1.7763
268.3,1.7763
268.4,1.7763
268.5,1.7763
268.6,1.7763
268.7,1.7763
268.8,1.7763
268.9,1.7763
269,1.7763
269.1,1.7763
269.2,1.7763
269.3,1.7763
269.4,1.7763
269.5,1.7763
269.6,1.7763
269.7,1.7763
269.8,1.7763
269.9,1.7763
270,0.3159
270.1,0.3159
270.2,0.3159
270.3,0.3159
270.4,0.3159
270.5,0.3159
270.6,0.3159
270.7,0.3159
270.8,0.3159
270.9,0.3159
271,0.3159
271.1,0.3159
271.2,0.3159
271.3,0.3159
271.4,0.3159
271.5,0.3159
271.6,0.3159
271.7,0.3159
271.8,0.3159
271.9,0.3159
272,0.3159
272.1,0.3159
272.2,0.3159
272.3,0.3159
272.4,0.3159
272.5,0.3159
272.6,0.3159
272.7,0.3159
272.8,0.3159
272.9,0.3159
273,0.3159
273.1,0.3159
273.2,0.3159
273.3,0.3159
273.4,0.3159
273.5,0.3159
273.6,0.3159
273.7,0.3159
273.8,0.3159
273.9,0.3159
274,0.3159
274.1,0.3159
274.2,0.3159
274.3,0.3159
274.4,0.3159
274.5,0.3159
274.6,0.3159
274.7,0.3159
274.8,0.3159
274.9,0.3159
275,0.3159
275.1,0.3159
275.2,0.3159
275.3,0.3159
275.4,0.3159
275.5,0.3159
275.6,0.3159
275.7,0.3159
275.8,0.3159
275.9,0.3159
276,0.3159
276.1,0.3159
276.2,0.3159
276.3,0.3159
276.4,0.3159
276.5,0.3159
276.6,0.3159
276.7,0.3159
276.8,0.3159
276.9,0.3159
277,0.3159
277.1,0.3159
277.2,0.3159
277.3,0.3159
277.4,0.3159
277.5,0.3159
277.6,0.3159
277.7,0.3159
277.8,0.3159
277.9,0.3159
278,0.3159
278.1,0.3159
278.2,0.3159
278.3,0.3159
278.4,0.3159
278.5,0.3159
278.6,0.3159
278.7,0.3159
278.8,0.3159
278.9,0.3159
279,0.3159
279.1,0.3159
279.2,0.3159
279.3,0.3159
279.4,0.3159
279.5,0.3159
279.6,0.3159
279.7,0.3159
279.8,0.3159
279.9,0.3159
280,0.3159
280.1,0.3159
280.2,0.3159
280.3,0.3159
280.4,0.3159
280.5,0.3159
280.6,0.3159
280.7,0.3159
280.8,0.3159
280.9,0.3159
281,0.3159
281.1,0.3159
281.2,0.3159
281.3,0.3159
281.4,0.3159
281.5,0.3159
281.6,0.3159
281.7,0.3159
281.8,0.3159
281.9,0.3159
282,0.3159
282.1,0.3159
282.2,0.3159
282.3,0.3159
282.4,0.3159
282.5,0.3159
282.6,0.3159
282.7,0.3159
282.8,0.3159
282.9,0.3159
283,0.3159
283.1,0.3159
283.2,0.3159
283.3,0.3159
283.4,0.3159
283.5,0.3159
283.6,0.3159
283.7,0.3159
283.8,0.3159
283.9,0.3159
284,0.3159
284.1,0.3159
284.2,0.3159
284.3,0.3159
284.4,0.3159
284.5,0.3159
284.6,0.3159
284.7,0.3159
284.8,0.3159
284.9,0.3159
285,1.8899
285.1,1.8899
285.2,1.8899
285.3,1.8899
285.4,1.8899
285.5,1.8899
285.6,1.8899
285.7,1.8899
285.8,1.8899
285.9,1.8899
286,1.8899
286.1,1.8899
286.2,1.8899
286.3,1.8899
286.4,1.8899
286.5,1.8899
286.6,1.8899
286.7,1.8899
286.8,1.8899
286.9,1.8899
287,1.8899
287.1,1.8899
287.2,1.8899
287.3,1.8899
287.4,1.8899
287.5,1.8899
287.6,1.8899
287.7,1.8899
287.8,1.8899
287.9,1.8899
288,1.8899
288.1,1.8899
288.2,1.8899
288.3,1.8899
288.4,1.8899
288.5,1.8899
288.6,1.8899
288.7,1.8899
288.8,1.8899
288.9,1.8899
289,1.8899
289.1,1.8899
289.2,1.8899
289.3,1.8899
289.4,1.8899
289.5,1.8899
289.6,1.8899
289.7,1.8899
289.8,1.8899
289.9,1.8899
290,1.8899
290.1,1.8899
290.2,1.8899
290.3,1.8899
290.4,1.8899
290.5,1.8899
290.6,1.8899
290.7,1.8899
290.8,1.8899
290.9,1.8899
291,1.8899
291.1,1.8899
291.2,1.8899
291.3,1.8899
291.4,1.8899
291.5,1.8899
291.6,1.8899
291.7,1.8899
291.8,1.8899
291.9,1.8899
292,1.8899
292.1,1.8899
292.2,1.8899
292.3,1.8899
292.4,1.8899
292.5,1.8899
292.6,1.8899
292.7,1.8899
292.8,1.8899
292.9,1.8899
293,1.8899
293.1,1.8899
293.2,1.8899
293.3,1.8899
293.4,1.8899
293.5,1.8899
293.6,1.8899
293.7,1.8899
293.8,1.8899
293.9,1.8899
294,1.8899
294.1,1.8899
294.2,1.8899
294.3,1.8899
294.4,1.8899
294.5,1.8899
294.6,1.8899
294.7,1.8899
294.8,1.8899
294.9,1.8899
295,1.8899
295.1,1.8899
295.2,1.8899
295.3,1.8899
295.4,1.8899
295.5,1.8899
295.6,1.8899
295.7,1.8899
295.8,1.8899
295.9,1.8899
296,1.8899
296.1,1.8899
296.2,1.8899
296.3,1.8899
296.4,1.8899
296.5,1.8899
296.6,1.8899
296.7,1.8899
296.8,1.8899
296.9,1.8899
297,1.8899
297.1,1.8899
297.2,1.8899
297.3,1.8899
297.4,1.8899
297.5,1.8899
297.6,1.8899
297.7,1.8899
297.8,1.8899
297.9,1.8899
298,1.8899
298.1,1.8899
298.2,1.8899
298.3,1.8899
298.4,1.8899
298.5,1.8899
298.6,1.8899
298.7,1.8899
298.8,1.8899
298.9,1.8899
299,1.8899
299.1,1.8899
299.2,1.8899
299.3,1.8899
299.4,1.8899
299.5,1.8899
299.6,1.8899
299.7,1.8899
299.8,1.8899
299.9,1.8899
300,-1.8314
300.1,-1.8314
300.2,-1.8314
300.3,-1.8314
300.4,-1.8314
300.5,-1.8314
300.6,-1.8314
300.7,-1.8314
300.8,-1.8314
300.9,-1.8314
301,-1.8314
301.1,-1.8314
301.2,-1.8314
301.3,-1.8314
301.4,-1.8314
301.5,-1.8314
301.6,-1.8314
301.7,-1.8314
301.8,-1.8314
301.9,-1.8314
302,-1.8314
302.1,-1.8314
302.2,-1.8314
302.3,-1.8314
302.4,-1.8314
302.5,-1.8314
302.6,-1.8314
302.7,-1.8314
302.8,-1.8314
302.9,-1.8314
303,-1.8314
303.1,-1.8314
303.2,-1.8314
303.3,-1.8314
303.4,-1.8314
303.5,-1.8314
303.6,-1.8314
303.7,-1.8314
303.8,-1.8314
303.9,-1.8314
304,-1.8314
304.1,-1.8314
304.2,-1.8314
304.3,-1.8314
304.4,-1.8314
304.5,-1.8314
304.6,-1.8314
304.7,-1.8314
304.8,-1.8314
304.9,-1.8314
305,-1.8314
305.1,-1.8314
305.2,-1.8314
305.3,-1.8314
305.4,-1.8314
305.5,-1.8314
305.6,-1.8314
305.7,-1.8314
305.8,-1.8314
305.9,-1.8314
306,-1.8314
306.1,-1.8314
306.2,-1.8314
306.3,-1.8314
306.4,-1.8314
306.5,-1.8314
306.6,-1.8314
306.7,-1.8314
306.8,-1.8314
306.9,-1.8314
307,-1.8314
307.1,-1.8314
307.2,-1.8314
307.3,-1.8314
307.4,-1.8314
307.5,-1.8314
307.6,-1.8314
307.7,-1.8314
307.8,-1.8314
307.9,-1.8314
308,-1.8314
308.1,-1.8314
308.2,-1.8314
308.3,-1.8314
308.4,-1.8314
308.5,-1.8314
308.6,-1.8314
308.7,-1.8314
308.8,-1.8314
308.9,-1.8314
309,-1.8314
309.1,-1.8314
309.2,-1.8314
309.3,-1.8314
309.4,-1.8314
309.5,-1.8314
309.6,-1.8314
309.7,-1.8314
309.8,-1.8314
309.9,-1.8314
310,-1.8314
310.1,-1.8314
310.2,-1.8314
310.3,-1.8314
310.4,-1.8314
310.5,-1.8314
310.6,-1.8314
310.7,-1.8314
310.8,-1.8314
310.9,-1.8314
311,-1.8314
311.1,-1.8314
311.2,-1.8314
311.3,-1.8314
311.4,-1.8314
311.5,-1.8314
311.6,-1.8314
311.7,-1.8314
311.8,-1.8314
311.9,-1.8314
312,-1.8314
312.1,-1.8314
312.2,-1.8314
312.3,-1.8314
312.4,-1.8314
312.5,-1.8314
312.6,-1.8314
312.7,-1.8314
312.8,-1.8314
312.9,-1.8314
313,-1.8314
313.1,-1.8314
313.2,-1.8314
313.3,-1.8314
313.4,-1.8314
313.5,-1.8314
313.6,-1.8314
313.7,-1.8314
313.8,-1.8314
313.9,-1.8314
314,-1.8314
314.1,-1.8314
314.2,-1.8314
314.3,-1.8314
314.4,-1.8314
314.5,-1.8314
314.6,-1.8314
314.7,-1.8314
314.8,-1.8314
314.9,-1.8314
315,1.749
315.1,1.749
315.2,1.749
315.3,1.749
315.4,1.749
315.5,1.749
315.6,1.749
315.7,1.749
315.8,1.749
315.9,1.749
316,1.749
316.1,1.749
316.2,1.749
316.3,1.749
316.4,1.749
316.5,1.749
316.6,1.749
316.7,1.749
316.8,1.749
316.9,1.749
317,1.749
317.1,1.749
317.2,1.749
317.3,1.749
317.4,1.749
317.5,1.749
317.6,1.749
317.7,1.749
317.8,1.749
317.9,1.749
318,1.749
318.1,1.749
318.2,1.749
318.3,1.749
318.4,1.749
318.5,1.749
318.6,1.749
318.7,1.749
318.8,1.749
318.9,1.749
319,1.749
319.1,1.749
319.2,1.749
319.3,1.749
319.4,1.749
319.5,1.749
319.6,1.749
319.7,1.749
319.8,1.749
319.9,1.749
320,1.749
320.1,1.749
320.2,1.749
320.3,1.749
320.4,1.749
320.5,1.749
320.6,1.749
320.7,1.749
320.8,1.749
320.9,1.749
321,1.749
321.1,1.749
321.2,1.749
321.3,1.749
321.4,1.749
321.5,1.749
321.6,1.749
321.7,1.749
321.8,1.749
321.9,1.749
322,1.749
322.1,1.749
322.2,1.749
322.3,1.749
322.4,1.749
322.5,1.749
322.6,1.749
322.7,1.749
322.8,1.749
322.9,1.749
323,1.749
323.1,1.749
323.2,1.749
323.3,1.749
323.4,1.749
323.5,1.749
323.6,1.749
323.7,1.749
323.8,1.749
323.9,1.749
324,1.749
324.1,1.749
324.2,1.749
324.3,1.749
324.4,1.749
324.5,1.749
324.6,1.749
324.7,1.749
324.8,1.749
324.9,1.749
325,1.749
325.1,1.749
325.2,1.749
325.3,1.749
325.4,1.749
325.5,1.749
325.6,1.749
325.7,1.749
325.8,1.749
325.9,1.749
326,1.749
326.1,1.749
326.2,1.749
326.3,1.749
326.4,1.749
326.5,1.749
326.6,1.749
326.7,1.749
326.8,1.749
326.9,1.749
327,1.749
327.1,1.749
327.2,1.749
327.3,1.749
327.4,1.749
327.5,1.749
327.6,1.749
327.7,1.749
327.8,1.749
327.9,1.749
328,1.749
328.1,1.749
328.2,1.749
328.3,1.749
328.4,1.749
328.5,1.749
328.6,1.749
328.7,1.749
328.8,1.749
328.9,1.749
329,1.749
329.1,1.749
329.2,1.749
329.3,1.749
329.4,1.749
329.5,1.749
329.6,1.749
329.7,1.749
329.8,1.749
329.9,1.749
330,2
330.1,2
330.2,2
330.3,2
330.4,2
330.5,2
330.6,2
330.7,2
330.8,2
330.9,2
331,2
331.1,2
331.2,2
331.3,2
331.4,2
331.5,2
331.6,2
331.7,2
331.8,2
331.9,2
332,2
332.1,2
332.2,2
332.3,2
332.4,2
332.5,2
332.6,2
332.7,2
332.8,2
332.9,2
333,2
333.1,2
333.2,2
333.3,2
333.4,2
333.5,2
333.6,2
333.7,2
333.8,2
333.9,2
334,2
334.1,2
334.2,2
334.3,2
334.4,2
334.5,2
334.6,2
334.7,2
334.8,2
334.9,2
335,2
335.1,2
335.2,2
335.3,2
335.4,2
335.5,2
335.6,2
335.7,2
335.8,2
335.9,2
336,2
336.1,2
336.2,2
336.3,2
336.4,2
336.5,2
336.6,2
336.7,2
336.8,2
336.9,2
337,2
337.1,2
337.2,2
337.3,2
337.4,2
337.5,2
337.6,2
337.7,2
337.8,2
337.9,2
338,2
338.1,2
338.2,2
338.3,2
338.4,2
338.5,2
338.6,2
338.7,2
338.8,2
338.9,2
339,2
339.1,2
339.2,2
339.3,2
339.4,2
339.5,2
339.6,2
339.7,2
339.8,2
339.9,2
340,2
340.1,2
340.2,2
340.3,2
340.4,2
340.5,2
340.6,2
340.7,2
340.8,2
340.9,2
341,2
341.1,2
341.2,2
341.3,2
341.4,2
341.5,2
341.6,2
341.7,2
341.8,2
341.9,2
342,2
342.1,2
342.2,2
342.3,2
342.4,2
342.5,2
342.6,2
342.7,2
342.8,2
342.9,2
343,2
343.1,2
343.2,2
343.3,2
343.4,2
343.5,2
343.6,2
343.7,2
343.8,2
343.9,2
344,2
344.1,2
344.2,2
344.3,2
344.4,2
344.5,2
344.6,2
344.7,2
344.8,2
344.9,2
345,-1.0565
345.1,-1.0565
345.2,-1.0565
345.3,-1.0565
345.4,-1.0565
345.5,-1.0565
345.6,-1.0565
345.7,-1.0565
345.8,-1.0565
345.9,-1.0565
346,-1.0565
346.1,-1.0565
346.2,-1.0565
346.3,-1.0565
346.4,-1.0565
346.5,-1.0565
346.6,-1.0565
346.7,-1.0565
346.8,-1.0565
346.9,-1.0565
347,-1.0565
347.1,-1.0565
347.2,-1.0565
347.3,-1.0565
347.4,-1.0565
347.5,-1.0565
347.6,-1.0565
347.7,-1.0565
347.8,-1.0565
347.9,-1.0565
348,-1.0565
348.1,-1.0565
348.2,-1.0565
348.3,-1.0565
348.4,-1.0565
348.5,-1.0565
348.6,-1.0565
348.7,-1.0565
348.8,-1.0565
348.9,-1.0565
349,-1.0565
349.1,-1.0565
349.2,-1.0565
349.3,-1.0565
349.4,-1.0565
349.5,-1.0565
349.6,-1.0565
349.7,-1.0565
349.8,-1.0565
349.9,-1.0565
350,-1.0565
350.1,-1.0565
350.2,-1.0565
350.3,-1.0565
350.4,-1.0565
350.5,-1.0565
350.6,-1.0565
350.7,-1.0565
350.8,-1.0565
350.9,-1.0565
351,-1.0565
351.1,-1.0565
351.2,-1.0565
351.3,-1.0565
351.4,-1.0565
351.5,-1.0565
351.6,-1.0565
351.7,-1.0565
351.8,-1.0565
351.9,-1.0565
352,-1.0565
352.1,-1.0565
352.2,-1.0565
352.3,-1.0565
352.4,-1.0565
352.5,-1.0565
352.6,-1.0565
352.7,-1.0565
352.8,-1.0565
352.9,-1.0565
353,-1.0565
353.1,-1.0565
353.2,-1.0565
353.3,-1.0565
353.4,-1.0565
353.5,-1.0565
353.6,-1.0565
353.7,-1.0565
353.8,-1.0565
353.9,-1.0565
354,-1.0565
354.1,-1.0565
354.2,-1.0565
354.3,-1.0565
354.4,-1.0565
354.5,-1.0565
354.6,-1.0565
354.7,-1.0565
354.8,-1.0565
354.9,-1.0565
355,-1.0565
355.1,-1.0565
355.2,-1.0565
355.3,-1.0565
355.4,-1.0565
355.5,-1.0565
355.6,-1.0565
355.7,-1.0565
355.8,-1.0565
355.9,-1.0565
356,-1.0565
356.1,-1.0565
356.2,-1.0565
356.3,-1.0565
356.4,-1.0565
356.5,-1.0565
356.6,-1.0565
356.7,-1.0565
356.8,-1.0565
356.9,-1.0565
357,-1.0565
357.1,-1.0565
357.2,-1.0565
357.3,-1.0565
357.4,-1.0565
357.5,-1.0565
357.6,-1.0565
357.7,-1.0565
357.8,-1.0565
357.9,-1.0565
358,-1.0565
358.1,-1.0565
358.2,-1.0565
358.3,-1.0565
358.4,-1.0565
358.5,-1.0565
358.6,-1.0565
358.7,-1.0565
358.8,-1.0565
358.9,-1.0565
359,-1.0565
359.1,-1.0565
359.2,-1.0565
359.3,-1.0565
359.4,-1.0565
359.5,-1.0565
359.6,-1.0565
359.7,-1.0565
359.8,-1.0565
359.9,-1.0565
360,-1.4548
360.1,-1.4548
360.2,-1.4548
360.3,-1.4548
360.4,-1.4548
360.5,-1.4548
360.6,-1.4548
360.7,-1.4548
360.8,-1.4548
360.9,-1.4548
361,-1.4548
361.1,-1.4548
361.2,-1.4548
361.3,-1.4548
361.4,-1.4548
361.5,-1.4548
361.6,-1.4548
361.7,-1.4548
361.8,-1.4548
361.9,-1.4548
362,-1.4548
362.1,-1.4548
362.2,-1.4548
362.3,-1.4548
362.4,-1.4548
362.5,-1.4548
362.6,-1.4548
362.7,-1.4548
362.8,-1.4548
362.9,-1.4548
363,-1.4548
363.1,-1.4548
363.2,-1.4548
363.3,-1.4548
363.4,-1.4548
363.5,-1.4548
363.6,-1.4548
363.7,-1.4548
363.8,-1.4548
363.9,-1.4548
364,-1.4548
364.1,-1.4548
364.2,-1.4548
364.3,-1.4548
364.4,-1.4548
364.5,-1.4548
364.6,-1.4548
364.7,-1.4548
364.8,-1.4548
364.9,-1.4548
365,-1.4548
365.1,-1.4548
365.2,-1.4548
365.3,-1.4548
365.4,-1.4548
365.5,-1.4548
365.6,-1.4548
365.7,-1.4548
365.8,-1.4548
365.9,-1.4548
366,-1.4548
366.1,-1.4548
366.2,-1.4548
366.3,-1.4548
366.4,-1.4548
366.5,-1.4548
366.6,-1.4548
366.7,-1.4548
366.8,-1.4548
366.9,-1.4548
367,-1.4548
367.1,-1.4548
367.2,-1.4548
367.3,-1.4548
367.4,-1.4548
367.5,-1.4548
367.6,-1.4548
367.7,-1.4548
367.8,-1.4548
367.9,-1.4548
368,-1.4548
368.1,-1.4548
368.2,-1.4548
368.3,-1.4548
368.4,-1.4548
368.5,-1.4548
368.6,-1.4548
368.7,-1.4548
368.8,-1.4548
368.9,-1.4548
369,-1.4548
369.1,-1.4548
369.2,-1.4548
369.3,-1.4548
369.4,-1.4548
369.5,-1.4548
369.6,-1.4548
369.7,-1.4548
369.8,-1.4548
369.9,-1.4548
370,-1.4548
370.1,-1.4548
370.2,-1.4548
370.3,-1.4548
370.4,-1.4548
370.5,-1.4548
370.6,-1.4548
370.7,-1.4548
370.8,-1.4548
370.9,-1.4548
371,-1.4548
371.1,-1.4548
371.2,-1.4548
371.3,-1.4548
371.4,-1.4548
371.5,-1.4548
371.6,-1.4548
371.7,-1.4548
371.8,-1.4548
371.9,-1.4548
372,-1.4548
372.1,-1.4548
372.2,-1.4548
372.3,-1.4548
372.4,-1.4548
372.5,-1.4548
372.6,-1.4548
372.7,-1.4548
372.8,-1.4548
372.9,-1.4548
373,-1.4548
373.1,-1.4548
373.2,-1.4548
373.3,-1.4548
373.4,-1.4548
373.5,-1.4548
373.6,-1.4548
373.7,-1.4548
373.8,-1.4548
373.9,-1.4548
374,-1.4548
374.1,-1.4548
374.2,-1.4548
374.3,-1.4548
374.4,-1.4548
374.5,-1.4548
374.6,-1.4548
374.7,-1.4548
374.8,-1.4548
374.9,-1.4548
375,-1.7763
375.1,-1.7763
375.2,-1.7763
375.3,-1.7763
375.4,-1.7763
375.5,-1.7763
375.6,-1.7763
375.7,-1.7763
375.8,-1.7763
375.9,-1.7763
376,-1.7763
376.1,-1.7763
376.2,-1.7763
376.3,-1.7763
376.4,-1.7763
376.5,-1.7763
376.6,-1.7763
376.7,-1.7763
376.8,-1.7763
376.9,-1.7763
377,-1.7763
377.1,-1.7763
377.2,-1.7763
377.3,-1.7763
377.4,-1.7763
377.5,-1.7763
377.6,-1.7763
377.7,-1.7763
377.8,-1.7763
377.9,-1.7763
378,-1.7763
378.1,-1.7763
378.2,-1.7763
378.3,-1.7763
378.4,-1.7763
378.5,-1.7763
378.6,-1.7763
378.7,-1.7763
378.8,-1.7763
378.9,-1.7763
379,-1.7763
379.1,-1.7763
379.2,-1.7763
379.3,-1.7763
379.4,-1.7763
379.5,-1.7763
379.6,-1.7763
379.7,-1.7763
379.8,-1.7763
379.9,-1.7763
380,-1.7763
380.1,-1.7763
380.2,-1.7763
380.3,-1.7763
380.4,-1.7763
380.5,-1.7763
380.6,-1.7763
380.7,-1.7763
380.8,-1.7763
380.9,-1.7763
381,-1.7763
381.1,-1.7763
381.2,-1.7763
381.3,-1.7763
381.4,-1.7763
381.5,-1.7763
381.6,-1.7763
381.7,-1.7763
381.8,-1.7763
381.9,-1.7763
382,-1.7763
382.1,-1.7763
382.2,-1.7763
382.3,-1.7763
382.4,-1.7763
382.5,-1.7763
382.6,-1.7763
382.7,-1.7763
382.8,-1.7763
382.9,-1.7763
383,-1.7763
383.1,-1.7763
383.2,-1.7763
383.3,-1.7763
383.4,-1.7763
383.5,-1.7763
383.6,-1.7763
383.7,-1.7763
383.8,-1.7763
383.9,-1.7763
384,-1.7763
384.1,-1.7763
384.2,-1.7763
384.3,-1.7763
384.4,-1.7763
384.5,-1.7763
384.6,-1.7763
384.7,-1.7763
384.8,-1.7763
384.9,-1.7763
385,-1.7763
385.1,-1.7763
385.2,-1.7763
385.3,-1.7763
385.4,-1.7763
385.5,-1.7763
385.6,-1.7763
385.7,-1.7763
385.8,-1.7763
385.9,-1.7763
386,-1.7763
386.1,-1.7763
386.2,-1.7763
386.3,-1.7763
386.4,-1.7763
386.5,-1.7763
386.6,-1.7763
386.7,-1.7763
386.8,-1.7763
386.9,-1.7763
387,-1.7763
387.1,-1.7763
387.2,-1.7763
387.3,-1.7763
387.4,-1.7763
387.5,-1.7763
387.6,-1.7763
387.7,-1.7763
387.8,-1.7763
387.9,-1.7763
388,-1.7763
388.1,-1.7763
388.2,-1.7763
388.3,-1.7763
388.4,-1.7763
388.5,-1.7763
388.6,-1.7763
388.7,-1.7763
388.8,-1.7763
388.9,-1.7763
389,-1.7763
389.1,-1.7763
389.2,-1.7763
389.3,-1.7763
389.4,-1.7763
389.5,-1.7763
389.6,-1.7763
389.7,-1.7763
389.8,-1.7763
389.9,-1.7763
390,-0.3159
390.1,-0.3159
390.2,-0.3159
390.3,-0.3159
390.4,-0.3159
390.5,-0.3159
390.6,-0.3159
390.7,-0.3159
390.8,-0.3159
390.9,-0.3159
391,-0.3159
391.1,-0.3159
391.2,-0.3159
391.3,-0.3159
391.4,-0.3159
391.5,-0.3159
391.6,-0.3159
391.7,-0.3159
391.8,-0.3159
391.9,-0.3159
392,-0.3159
392.1,-0.3159
392.2,-0.3159
392.3,-0.3159
392.4,-0.3159
392.5,-0.3159
392.6,-0.3159
392.7,-0.3159
392.8,-0.3159
392.9,-0.3159
393,-0.3159
393.1,-0.3159
393.2,-0.3159
393.3,-0.3159
393.4,-0.3159
393.5,-0.3159
393.6,-0.3159
393.7,-0.3159
393.8,-0.3159
393.9,-0.3159
394,-0.3159
394.1,-0.3159
394.2,-0.3159
394.3,-0.3159
394.4,-0.3159
394.5,-0.3159
394.6,-0.3159
394.7,-0.3159
394.8,-0.3159
394.9,-0.3159
395,-0.3159
395.1,-0.3159
395.2,-0.3159
395.3,-0.3159
395.4,-0.3159
395.5,-0.3159
395.6,-0.3159
395.7,-0.3159
395.8,-0.3159
395.9,-0.3159
396,-0.3159
396.1,-0.3159
396.2,-0.3159
396.3,-0.3159
396.4,-0.3159
396.5,-0.3159
396.6,-0.3159
396.7,-0.3159
396.8,-0.3159
396.9,-0.3159
397,-0.3159
397.1,-0.3159
397.2,-0.3159
397.3,-0.3159
397.4,-0.3159
397.5,-0.3159
397.6,-0.3159
397.7,-0.3159
397.8,-0.3159
397.9,-0.3159
398,-0.3159
398.1,-0.3159
398.2,-0.3159
398.3,-0.3159
398.4,-0.3159
398.5,-0.3159
398.6,-0.3159
398.7,-0.3159
398.8,-0.3159
398.9,-0.3159
399,-0.3159
399.1,-0.3159
399.2,-0.3159
399.3,-0.3159
399.4,-0.3159
399.5,-0.3159
399.6,-0.3159
399.7,-0.3159
399.8,-0.3159
399.9,-0.3159
400,-0.3159
400.1,-0.3159
400.2,-0.3159
400.3,-0.3159
400.4,-0.3159
400.5,-0.3159
400.6,-0.3159
400.7,-0.3159
400.8,-0.3159
400.9,-0.3159
401,-0.3159
401.1,-0.3159
401.2,-0.3159
401.3,-0.3159
401.4,-0.3159
401.5,-0.3159
401.6,-0.3159
401.7,-0.3159
401.8,-0.3159
401.9,-0.3159
402,-0.3159
402.1,-0.3159
402.2,-0.3159
402.3,-0.3159
402.4,-0.3159
402.5,-0.3159
402.6,-0.3159
402.7,-0.3159
402.8,-0.3159
402.9,-0.3159
403,-0.3159
403.1,-0.3159
403.2,-0.3159
403.3,-0.3159
403.4,-0.3159
403.5,-0.3159
403.6,-0.3159
403.7,-0.3159
403.8,-0.3159
403.9,-0.3159
404,-0.3159
404.1,-0.3159
404.2,-0.3159
404.3,-0.3159
404.4,-0.3159
404.5,-0.3159
404.6,-0.3159
404.7,-0.3159
404.8,-0.3159
404.9,-0.3159
405,-1.8899
405.1,-1.8899
405.2,-1.8899
405.3,-1.8899
405.4,-1.8899
405.5,-1.8899
405.6,-1.8899
405.7,-1.8899
405.8,-1.8899
405.9,-1.8899
406,-1.8899
406.1,-1.8899
406.2,-1.8899
406.3,-1.8899
406.4,-1.8899
406.5,-1.8899
406.6,-1.8899
406.7,-1.8899
406.8,-1.8899
406.9,-1.8899
407,-1.8899
407.1,-1.8899
407.2,-1.8899
407.3,-1.8899
407.4,-1.8899
407.5,-1.8899
407.6,-1.8899
407.7,-1.8899
407.8,-1.8899
407.9,-1.8899
408,-1.8899
408.1,-1.8899
408.2,-1.8899
408.3,-1.8899
408.4,-1.8899
408.5,-1.8899
408.6,-1.8899
408.7,-1.8899
408.8,-1.8899
408.9,-1.8899
409,-1.8899
409.1,-1.8899
409.2,-1.8899
409.3,-1.8899
409.4,-1.8899
409.5,-1.8899
409.6,-1.8899
409.7,-1.8899
409.8,-1.8899
409.9,-1.8899
410,-1.8899
410.1,-1.8899
410.2,-1.8899
410.3,-1.8899
410.4,-1.8899
410.5,-1.8899
410.6,-1.8899
410.7,-1.8899
410.8,-1.8899
410.9,-1.8899
411,-1.8899
411.1,-1.8899
411.2,-1.8899
411.3,-1.8899
411.4,-1.8899
411.5,-1.8899
411.6,-1.8899
411.7,-1.8899
411.8,-1.8899
411.9,-1.8899
412,-1.8899
412.1,-1.8899
412.2,-1.8899
412.3,-1.8899
412.4,-1.8899
412.5,-1.8899
412.6,-1.8899
412.7,-1.8899
412.8,-1.8899
412.9,-1.8899
413,-1.8899
413.1,-1.8899
413.2,-1.8899
413.3,-1.8899
413.4,-1.8899
413.5,-1.8899
413.6,-1.8899
413.7,-1.8899
413.8,-1.8899
413.9,-1.8899
414,-1.8899
414.1,-1.8899
414.2,-1.8899
414.3,-1.8899
414.4,-1.8899
414.5,-1.8899
414.6,-1.8899
414.7,-1.8899
414.8,-1.8899
414.9,-1.8899
415,-1.8899
415.1,-1.8899
415.2,-1.8899
415.3,-1.8899
415.4,-1.8899
415.5,-1.8899
415.6,-1.8899
415.7,-1.8899
415.8,-1.8899
415.9,-1.8899
416,-1.8899
416.1,-1.8899
416.2,-1.8899
416.3,-1.8899
416.4,-1.8899
416.5,-1.8899
416.6,-1.8899
416.7,-1.8899
416.8,-1.8899
416.9,-1.8899
417,-1.8899
417.1,-1.8899
417.2,-1.8899
417.3,-1.8899
417.4,-1.8899
417.5,-1.8899
417.6,-1.8899
417.7,-1.8899
417.8,-1.8899
417.9,-1.8899
418,-1.8899
418.1,-1.8899
418.2,-1.8899
418.3,-1.8899
418.4,-1.8899
418.5,-1.8899
418.6,-1.8899
418.7,-1.8899
418.8,-1.8899
418.9,-1.8899
419,-1.8899
419.1,-1.8899
419.2,-1.8899
419.3,-1.8899
419.4,-1.8899
419.5,-1.8899
419.6,-1.8899
419.7,-1.8899
419.8,-1.8899
419.9,-1.8899
420,1.8314
420.1,1.8314
420.2,1.8314
420.3,1.8314
420.4,1.8314
420.5,1.8314
420.6,1.8314
420.7,1.8314
420.8,1.8314
420.9,1.8314
421,1.8314
421.1,1.8314
421.2,1.8314
421.3,1.8314
421.4,1.8314
421.5,1.8314
421.6,1.8314
421.7,1.8314
421.8,1.8314
421.9,1.8314
422,1.8314
422.1,1.8314
422.2,1.8314
422.3,1.8314
422.4,1.8314
422.5,1.8314
422.6,1.8314
422.7,1.8314
422.8,1.8314
422.9,1.8314
423,1.8314
423.1,1.8314
423.2,1.8314
423.3,1.8314
423.4,1.8314
423.5,1.8314
423.6,1.8314
423.7,1.8314
423.8,1.8314
423.9,1.8314
424,1.8314
424.1,1.8314
424.2,1.8314
424.3,1.8314
424.4,1.8314
424.5,1.8314
424.6,1.8314
424.7,1.8314
424.8,1.8314
424.9,1.8314
425,1.8314
425.1,1.8314
425.2,1.8314
425.3,1.8314
425.4,1.8314
425.5,1.8314
425.6,1.8314
425.7,1.8314
425.8,1.8314
425.9,1.8314
426,1.8314
426.1,1.8314
426.2,1.8314
426.3,1.8314
426.4,1.8314
426.5,1.8314
426.6,1.8314
426.7,1.8314
426.8,1.8314
426.9,1.8314
427,1.8314
427.1,1.8314
427.2,1.8314
427.3,1.8314
427.4,1.8314
427.5,1.8314
427.6,1.8314
427.7,1.8314
427.8,1.8314
427.9,1.8314
428,1.8314
428.1,1.8314
428.2,1.8314
428.3,1.8314
428.4,1.8314
428.5,1.8314
428.6,1.8314
428.7,1.8314
428.8,1.8314
428.9,1.8314
429,1.8314
429.1,1.8314
429.2,1.8314
429.3,1.8314
429.4,1.8314
429.5,1.8314
429.6,1.8314
429.7,1.8314
429.8,1.8314
429.9,1.8314
430,1.8314
430.1,1.8314
430.2,1.8314
430.3,1.8314
430.4,1.8314
430.5,1.8314
430.6,1.8314
430.7,1.8314
430.8,1.8314
430.9,1.8314
431,1.8314
431.1,1.8314
431.2,1.8314
431.3,1.8314
431.4,1.8314
431.5,1.8314
431.6,1.8314
431.7,1.8314
431.8,1.8314
431.9,1.8314
432,1.8314
432.1,1.8314
432.2,1.8314
432.3,1.8314
432.4,1.8314
432.5,1.8314
432.6,1.8314
432.7,1.8314
432.8,1.8314
432.9,1.8314
433,1.8314
433.1,1.8314
433.2,1.8314
433.3,1.8314
433.4,1.8314
433.5,1.8314
433.6,1.8314
433.7,1.8314
433.8,1.8314
433.9,1.8314
434,1.8314
434.1,1.8314
434.2,1.8314
434.3,1.8314
434.4,1.8314
434.5,1.8314
434.6,1.8314
434.7,1.8314
434.8,1.8314
434.9,1.8314
435,-1.749
435.1,-1.749
435.2,-1.749
435.3,-1.749
435.4,-1.749
435.5,-1.749
435.6,-1.749
435.7,-1.749
435.8,-1.749
435.9,-1.749
436,-1.749
436.1,-1.749
436.2,-1.749
436.3,-1.749
436.4,-1.749
436.5,-1.749
436.6,-1.749
436.7,-1.749
436.8,-1.749
436.9,-1.749
437,-1.749
437.1,-1.749
437.2,-1.749
437.3,-1.749
437.4,-1.749
437.5,-1.749
437.6,-1.749
437.7,-1.749
437.8,-1.749
437.9,-1.749
438,-1.749
438.1,-1.749
438.2,-1.749
438.3,-1.749
438.4,-1.749
438.5,-1.749
438.6,-1.749
438.7,-1.749
438.8,-1.749
438.9,-1.749
439,-1.749
439.1,-1.749
439.2,-1.749
439.3,-1.749
439.4,-1.749
439.5,-1.749
439.6,-1.749
439.7,-1.749
439.8,-1.749
439.9,-1.749
440,-1.749
440.1,-1.749
440.2,-1.749
440.3,-1.749
440.4,-1.749
440.5,-1.749
440.6,-1.749
440.7,-1.749
440.8,-1.749
440.9,-1.749
441,-1.749
441.1,-1.749
441.2,-1.749
441.3,-1.749
441.4,-1.749
441.5,-1.749
441.6,-1.749
441.7,-1.749
441.8,-1.749
441.9,-1.749
442,-1.749
442.1,-1.749
442.2,-1.749
442.3,-1.749
442.4,-1.749
442.5,-1.749
442.6,-1.749
442.7,-1.749
442.8,-1.749
442.9,-1.749
443,-1.749
443.1,-1.749
443.2,-1.749
443.3,-1.749
443.4,-1.749
443.5,-1.749
443.6,-1.749
443.7,-1.749
443.8,-1.749
443.9,-1.749
444,-1.749
444.1,-1.749
444.2,-1.749
444.3,-1.749
444.4,-1.749
444.5,-1.749
444.6,-1.749
444.7,-1.749
444.8,-1.749
444.9,-1.749
445,-1.749
445.1,-1.749
445.2,-1.749
445.3,-1.749
445.4,-1.749
445.5,-1.749
445.6,-1.749
445.7,-1.749
445.8,-1.749
445.9,-1.749
446,-1.749
446.1,-1.749
446.2,-1.749
446.3,-1.749
446.4,-1.749
446.5,-1.749
446.6,-1.749
446.7,-1.749
446.8,-1.749
446.9,-1.749
447,-1.749
447.1,-1.749
447.2,-1.749
447.3,-1.749
447.4,-1.749
447.5,-1.749
447.6,-1.749
447.7,-1.749
447.8,-1.749
447.9,-1.749
448,-1.749
448.1,-1.749
448.2,-1.749
448.3,-1.749
448.4,-1.749
448.5,-1.749
448.6,-1.749
448.7,-1.749
448.8,-1.749
448.9,-1.749
449,-1.749
449.1,-1.749
449.2,-1.749
449.3,-1.749
449.4,-1.749
449.5,-1.749
449.6,-1.749
449.7,-1.749
449.8,-1.749
449.9,-1.749
450,-2
450.1,-2
450.2,-2
450.3,-2
450.4,-2
450.5,-2
450.6,-2
450.7,-2
450.8,-2
450.9,-2
451,-2
451.1,-2
451.2,-2
451.3,-2
451.4,-2
451.5,-2
451.6,-2
451.7,-2
451.8,-2
451.9,-2
452,-2
452.1,-2
452.2,-2
452.3,-2
452.4,-2
452.5,-2
452.6,-2
452.7,-2
452.8,-2
452.9,-2
453,-2
453.1,-2
453.2,-2
453.3,-2
453.4,-2
453.5,-2
453.6,-2
453.7,-2
453.8,-2
453.9,-2
454,-2
454.1,-2
454.2,-2
454.3,-2
454.4,-2
454.5,-2
454.6,-2
454.7,-2
454.8,-2
454.9,-2
455,-2
455.1,-2
455.2,-2
455.3,-2
455.4,-2
455.5,-2
455.6,-2
455.7,-2
455.8,-2
455.9,-2
456,-2
456.1,-2
456.2,-2
456.3,-2
456.4,-2
456.5,-2
456.6,-2
456.7,-2
456.8,-2
456.9,-2
457,-2
457.1,-2
457.2,-2
457.3,-2
457.4,-2
457.5,-2
457.6,-2
457.7,-2
457.8,-2
457.9,-2
458,-2
458.1,-2
458.2,-2
458.3,-2
458.4,-2
458.5,-2
458.6,-2
458.7,-2
458.8,-2
458.9,-2
459,-2
459.1,-2
459.2,-2
459.3,-2
459.4,-2
459.5,-2
459.6,-2
459.7,-2
459.8,-2
459.9,-2
460,-2
460.1,-2
460.2,-2
460.3,-2
460.4,-2
460.5,-2
460.6,-2
460.7,-2
460.8,-2
460.9,-2
461,-2
461.1,-2
461.2,-2
461.3,-2
461.4,-2
461.5,-2
461.6,-2
461.7,-2
461.8,-2
461.9,-2
462,-2
462.1,-2
462.2,-2
462.3,-2
462.4,-2
462.5,-2
462.6,-2
462.7,-2
462.8,-2
462.9,-2
463,-2
463.1,-2
463.2,-2
463.3,-2
463.4,-2
463.5,-2
463.6,-2
463.7,-2
463.8,-2
463.9,-2
464,-2
464.1,-2
464.2,-2
464.3,-2
464.4,-2
464.5,-2
464.6,-2
464.7,-2
464.8,-2
464.9,-2
465,1.0565
465.1,1.0565
465.2,1.0565
465.3,1.0565
465.4,1.0565
465.5,1.0565
465.6,1.0565
465.7,1.0565
465.8,1.0565
465.9,1.0565
466,1.0565
466.1,1.0565
466.2,1.0565
466.3,1.0565
466.4,1.0565
466.5,1.0565
466.6,1.0565
466.7,1.0565
466.8,1.0565
466.9,1.0565
467,1.0565
467.1,1.0565
467.2,1.0565
467.3,1.0565
467.4,1.0565
467.5,1.0565
467.6,1.0565
467.7,1.0565
467.8,1.0565
467.9,1.0565
468,1.0565
468.1,1.0565
468.2,1.0565
468.3,1.0565
468.4,1.0565
468.5,1.0565
468.6,1.0565
468.7,1.0565
468.8,1.0565
468.9,1.0565
469,1.0565
469.1,1.0565
469.2,1.0565
469.3,1.0565
469.4,1.0565
469.5,1.0565
469.6,1.0565
469.7,1.0565
469.8,1.0565
469.9,1.0565
470,1.0565
470.1,1.0565
470.2,1.0565
470.3,1.0565
470.4,1.0565
470.5,1.0565
470.6,1.0565
470.7,1.0565
470.8,1.0565
470.9,1.0565
471,1.0565
471.1,1.0565
471.2,1.0565
471.3,1.0565
471.4,1.0565
471.5,1.0565
471.6,1.0565
471.7,1.0565
471.8,1.0565
471.9,1.0565
472,1.0565
472.1,1.0565
472.2,1.0565
472.3,1.0565
472.4,1.0565
472.5,1.0565
472.6,1.0565
472.7,1.0565
472.8,1.0565
472.9,1.0565
473,1.0565
473.1,1.0565
473.2,1.0565
473.3,1.0565
473.4,1.0565
473.5,1.0565
473.6,1.0565
473.7,1.0565
473.8,1.0565
473.9,1.0565
474,1.0565
474.1,1.0565
474.2,1.0565
474.3,1.0565
474.4,1.0565
474.5,1.0565
474.6,1.0565
474.7,1.0565
474.8,1.0565
474.9,1.0565
475,1.0565
475.1,1.0565
475.2,1.0565
475.3,1.0565
475.4,1.0565
475.5,1.0565
475.6,1.0565
475.7,1.0565
475.8,1.0565
475.9,1.0565
476,1.0565
476.1,1.0565
476.2,1.0565
476.3,1.0565
476.4,1.0565
476.5,1.0565
476.6,1.0565
476.7,1.0565
476.8,1.0565
476.9,1.0565
477,1.0565
477.1,1.0565
477.2,1.0565
477.3,1.0565
477.4,1.0565
477.5,1.0565
477.6,1.0565
477.7,1.0565
477.8,1.0565
477.9,1.0565
478,1.0565
478.1,1.0565
478.2,1.0565
478.3,1.0565
478.4,1.0565
478.5,1.0565
478.6,1.0565
478.7,1.0565
478.8,1.0565
478.9,1.0565
479,1.0565
479.1,1.0565
479.2,1.0565
479.3,1.0565
479.4,1.0565
479.5,1.0565
479.6,1.0565
479.7,1.0565
479.8,1.0565
479.9,1.0565
480,1.4548
480.1,1.4548
480.2,1.4548
480.3,1.4548
480.4,1.4548
480.5,1.4548
480.6,1.4548
480.7,1.4548
480.8,1.4548
480.9,1.4548
481,1.4548
481.1,1.4548
481.2,1.4548
481.3,1.4548
481.4,1.4548
481.5,1.4548
481.6,1.4548
481.7,1.4548
481.8,1.4548
481.9,1.4548
482,1.4548
482.1,1.4548
482.2,1.4548
482.3,1.4548
482.4,1.4548
482.5,1.4548
482.6,1.4548
482.7,1.4548
482.8,1.4548
482.9,1.4548
483,1.4548
483.1,1.4548
483.2,1.4548
483.3,1.4548
483.4,1.4548
483.5,1.4548
483.6,1.4548
483.7,1.4548
483.8,1.4548
483.9,1.4548
484,1.4548
484.1,1.4548
484.2,1.4548
484.3,1.4548
484.4,1.4548
484.5,1.4548
484.6,1.4548
484.7,1.4548
484.8,1.4548
484.9,1.4548
485,1.4548
485.1,1.4548
485.2,1.4548
485.3,1.4548
485.4,1.4548
485.5,1.4548
485.6,1.4548
485.7,1.4548
485.8,1.4548
485.9,1.4548
486,1.4548
486.1,1.4548
486.2,1.4548
486.3,1.4548
486.4,1.4548
486.5,1.4548
486.6,1.4548
486.7,1.4548
486.8,1.4548
486.9,1.4548
487,1.4548
487.1,1.4548
487.2,1.4548
487.3,1.4548
487.4,1.4548
487.5,1.4548
487.6,1.4548
487.7,1.4548
487.8,1.4548
487.9,1.4548
488,1.4548
488.1,1.4548
488.2,1.4548
488.3,1.4548
488.4,1.4548
488.5,1.4548
488.6,1.4548
488.7,1.4548
488.8,1.4548
488.9,1.4548
489,1.4548
489.1,1.4548
489.2,1.4548
489.3,1.4548
489.4,1.4548
489.5,1.4548
489.6,1.4548
489.7,1.4548
489.8,1.4548
489.9,1.4548
490,1.4548
490.1,1.4548
490.2,1.4548
490.3,1.4548
490.4,1.4548
490.5,1.4548
490.6,1.4548
490.7,1.4548
490.8,1.4548
490.9,1.4548
491,1.4548
491.1,1.4548
491.2,1.4548
491.3,1.4548
491.4,1.4548
491.5,1.4548
491.6,1.4548
491.7,1.4548
491.8,1.4548
491.9,1.4548
492,1.4548
492.1,1.4548
492.2,1.4548
492.3,1.4548
492.4,1.4548
492.5,1.4548
492.6,1.4548
492.7,1.4548
492.8,1.4548
492.9,1.4548
493,1.4548
493.1,1.4548
493.2,1.4548
493.3,1.4548
493.4,1.4548
493.5,1.4548
493.6,1.4548
493.7,1.4548
493.8,1.4548
493.9,1.4548
494,1.4548
494.1,1.4548
494.2,1.4548
494.3,1.4548
494.4,1.4548
494.5,1.4548
494.6,1.4548
494.7,1.4548
494.8,1.4548
494.9,1.4548
495,1.7763
495.1,1.7763
495.2,1.7763
495.3,1.7763
495.4,1.7763
495.5,1.7763
495.6,1.7763
495.7,1.7763
495.8,1.7763
495.9,1.7763
496,1.7763
496.1,1.7763
496.2,1.7763
496.3,1.7763
496.4,1.7763
496.5,1.7763
496.6,1.7763
496.7,1.7763
496.8,1.7763
496.9,1.7763
497,1.7763
497.1,1.7763
497.2,1.7763
497.3,1.7763
497.4,1.7763
497.5,1.7763
497.6,1.7763
497.7,1.7763
497.8,1.7763
497.9,1.7763
498,1.7763
498.1,1.7763
498.2,1.7763
498.3,1.7763
498.4,1.7763
498.5,1.7763
498.6,1.7763
498.7,1.7763
498.8,1.7763
498.9,1.7763
499,1.7763
499.1,1.7763
499.2,1.7763
499.3,1.7763
499.4,1.7763
499.5,1.7763
499.6,1.7763
499.7,1.7763
499.8,1.7763
499.9,1.7763
500,1.7763
500.1,1.7763
500.2,1.7763
500.3,1.7763
500.4,1.7763
500.5,1.7763
500.6,1.7763
500.7,1.7763
500.8,1.7763
500.9,1.7763
501,1.7763
501.1,1.7763
501.2,1.7763
501.3,1.7763
501.4,1.7763
501.5,1.7763
501.6,1.7763
501.7,1.7763
501.8,1.7763
501.9,1.7763
502,1.7763
502.1,1.7763
502.2,1.7763
502.3,1.7763
502.4,1.7763
502.5,1.7763
502.6,1.7763
502.7,1.7763
502.8,1.7763
502.9,1.7763
503,1.7763
503.1,1.7763
503.2,1.7763
503.3,1.7763
503.4,1.7763
503.5,1.7763
503.6,1.7763
503.7,1.7763
503.8,1.7763
503.9,1.7763
504,1.7763
504.1,1.7763
504.2,1.7763
504.3,1.7763
504.4,1.7763
504.5,1.7763
504.6,1.7763
504.7,1.7763
504.8,1.7763
504.9,1.7763
505,1.7763
505.1,1.7763
505.2,1.7763
505.3,1.7763
505.4,1.7763
505.5,1.7763
505.6,1.7763
505.7,1.7763
505.8,1.7763
505.9,1.7763
506,1.7763
506.1,1.7763
506.2,1.7763
506.3,1.7763
506.4,1.7763
506.5,1.7763
506.6,1.7763
506.7,1.7763
506.8,1.7763
506.9,1.7763
507,1.7763
507.1,1.7763
507.2,1.7763
507.3,1.7763
507.4,1.7763
507.5,1.7763
507.6,1.7763
507.7,1.7763
507.8,1.7763
507.9,1.7763
508,1.7763
508.1,1.7763
508.2,1.7763
508.3,1.7763
508.4,1.7763
508.5,1.7763
508.6,1.7763
508.7,1.7763
508.8,1.7763
508.9,1.7763
509,1.7763
509.1,1.7763
509.2,1.7763
509.3,1.7763
509.4,1.7763
509.5,1.7763
509.6,1.7763
509.7,1.7763
509.8,1.7763
509.9,1.7763
510,0.3159
510.1,0.3159
510.2,0.3159
510.3,0.3159
510.4,0.3159
510.5,0.3159
510.6,0.3159
510.7,0.3159
510.8,0.3159
510.9,0.3159
511,0.3159
511.1,0.3159
511.2,0.3159
511.3,0.3159
511.4,0.3159
511.5,0.3159
511.6,0.3159
511.7,0.3159
511.8,0.3159
511.9,0.3159
512,0.3159
512.1,0.3159
512.2,0.3159
512.3,0.3159
512.4,0.3159
512.5,0.3159
512.6,0.3159
512.7,0.3159
512.8,0.3159
512.9,0.3159
513,0.3159
513.1,0.3159
513.2,0.3159
513.3,0.3159
513.4,0.3159
513.5,0.3159
513.6,0.3159
513.7,0.3159
513.8,0.3159
513.9,0.3159
514,0.3159
514.1,0.3159
514.2,0.3159
514.3,0.3159
514.4,0.3159
514.5,0.3159
514.6,0.3159
514.7,0.3159
514.8,0.3159
514.9,0.3159
515,0.3159
515.1,0.3159
515.2,0.3159
515.3,0.3159
515.4,0.3159
515.5,0.3159
515.6,0.3159
515.7,0.3159
515.8,0.3159
515.9,0.3159
516,0.3159
516.1,0.3159
516.2,0.3159
516.3,0.3159
516.4,0.3159
516.5,0.3159
516.6,0.3159
516.7,0.3159
516.8,0.3159
516.9,0.3159
517,0.3159
517.1,0.3159
517.2,0.3159
517.3,0.3159
517.4,0.3159
517.5,0.3159
517.6,0.3159
517.7,0.3159
517.8,0.3159
517.9,0.3159
518,0.3159
518.1,0.3159
518.2,0.3159
518.3,0.3159
518.4,0.3159
518.5,0.3159
518.6,0.3159
518.7,0.3159
518.8,0.3159
518.9,0.3159
519,0.3159
519.1,0.3159
519.2,0.3159
519.3,0.3159
519.4,0.3159
519.5,0.3159
519.6,0.3159
519.7,0.3159
519.8,0.3159
519.9,0.3159
520,0.3159
520.1,0.3159
520.2,0.3159
520.3,0.3159
520.4,0.3159
520.5,0.3159
520.6,0.3159
520.7,0.3159
520.8,0.3159
520.9,0.3159
521,0.3159
521.1,0.3159
521.2,0.3159
521.3,0.3159
521.4,0.3159
521.5,0.3159
521.6,0.3159
521.7,0.3159
521.8,0.3159
521.9,0.3159
522,0.3159
522.1,0.3159
522.2,0.3159
522.3,0.3159
522.4,0.3159
522.5,0.3159
522.6,0.3159
522.7,0.3159
522.8,0.3159
522.9,0.3159
523,0.3159
523.1,0.3159
523.2,0.3159
523.3,0.3159
523.4,0.3159
523.5,0.3159
523.6,0.3159
523.7,0.3159
523.8,0.3159
523.9,0.3159
524,0.3159
524.1,0.3159
524.2,0.3159
524.3,0.3159
524.4,0.3159
524.5,0.3159
524.6,0.3159
524.7,0.3159
524.8,0.3159
524.9,0.3159
525,1.8899
525.1,1.8899
525.2,1.8899
525.3,1.8899
525.4,1.8899
525.5,1.8899
525.6,1.8899
525.7,1.8899
525.8,1.8899
525.9,1.8899
526,1.8899
526.1,1.8899
526.2,1.8899
526.3,1.8899
526.4,1.8899
526.5,1.8899
526.6,1.8899
526.7,1.8899
526.8,1.8899
526.9,1.8899
527,1.8899
527.1,1.8899
527.2,1.8899
527.3,1.8899
527.4,1.8899
527.5,1.8899
527.6,1.8899
527.7,1.8899
527.8,1.8899
527.9,1.8899
528,1.8899
528.1,1.8899
528.2,1.8899
528.3,1.8899
528.4,1.8899
528.5,1.8899
528.6,1.8899
528.7,1.8899
528.8,1.8899
528.9,1.8899
529,1.8899
529.1,1.8899
529.2,1.8899
529.3,1.8899
529.4,1.8899
529.5,1.8899
529.6,1.8899
529.7,1.8899
529.8,1.8899
529.9,1.8899
530,1.8899
530.1,1.8899
530.2,1.8899
530.3,1.8899
530.4,1.8899
530.5,1.8899
530.6,1.8899
530.7,1.8899
530.8,1.8899
530.9,1.8899
531,1.8899
531.1,1.8899
531.2,1.8899
531.3,1.8899
531.4,1.8899
531.5,1.8899
531.6,1.8899
531.7,1.8899
531.8,1.8899
531.9,1.8899
532,1.8899
532.1,1.8899
532.2,1.8899
532.3,1.8899
532.4,1.8899
532.5,1.8899
532.6,1.8899
532.7,1.8899
532.8,1.8899
532.9,1.8899
533,1.8899
533.1,1.8899
533.2,1.8899
533.3,1.8899
533.4,1.8899
533.5,1.8899
533.6,1.8899
533.7,1.8899
533.8,1.8899
533.9,1.8899
534,1.8899
534.1,1.8899
534.2,1.8899
534.3,1.8899
534.4,1.8899
534.5,1.8899
534.6,1.8899
534.7,1.8899
534.8,1.8899
534.9,1.8899
535,1.8899
535.1,1.8899
535.2,1.8899
535.3,1.8899
535.4,1.8899
535.5,1.8899
535.6,1.8899
535.7,1.8899
535.8,1.8899
535.9,1.8899
536,1.8899
536.1,1.8899
536.2,1.8899
536.3,1.8899
536.4,1.8899
536.5,1.8899
536.6,1.8899
536.7,1.8899
536.8,1.8899
536.9,1.8899
537,1.8899
537.1,1.8899
537.2,1.8899
537.3,1.8899
537.4,1.8899
537.5,1.8899
537.6,1.8899
537.7,1.8899
537.8,1.8899
537.9,1.8899
538,1.8899
538.1,1.8899
538.2,1.8899
538.3,1.8899
538.4,1.8899
538.5,1.8899
538.6,1.8899
538.7,1.8899
538.8,1.8899
538.9,1.8899
539,1.8899
539.1,1.8899
539.2,1.8899
539.3,1.8899
539.4,1.8899
539.5,1.8899
539.6,1.8899
539.7,1.8899
539.8,1.8899
539.9,1.8899
540,-1.8314
540.1,-1.8314
540.2,-1.8314
540.3,-1.8314
540.4,-1.8314
540.5,-1.8314
540.6,-1.8314
540.7,-1.8314
540.8,-1.8314
540.9,-1.8314
541,-1.8314
541.1,-1.8314
541.2,-1.8314
541.3,-1.8314
541.4,-1.8314
541.5,-1.8314
541.6,-1.8314
541.7,-1.8314
541.8,-1.8314
541.9,-1.8314
542,-1.8314
542.1,-1.8314
542.2,-1.8314
542.3,-1.8314
542.4,-1.8314
542.5,-1.8314
542.6,-1.8314
542.7,-1.8314
542.8,-1.8314
542.9,-1.8314
543,-1.8314
543.1,-1.8314
543.2,-1.8314
543.3,-1.8314
543.4,-1.8314
543.5,-1.8314
543.6,-1.8314
543.7,-1.8314
543.8,-1.8314
543.9,-1.8314
544,-1.8314
544.1,-1.8314
544.2,-1.8314
544.3,-1.8314
544.4,-1.8314
544.5,-1.8314
544.6,-1.8314
544.7,-1.8314
544.8,-1.8314
544.9,-1.8314
545,-1.8314
545.1,-1.8314
545.2,-1.8314
545.3,-1.8314
545.4,-1.8314
545.5,-1.8314
545.6,-1.8314
545.7,-1.8314
545.8,-1.8314
545.9,-1.8314
546,-1.8314
546.1,-1.8314
546.2,-1.8314
546.3,-1.8314
546.4,-1.8314
546.5,-1.8314
546.6,-1.8314
546.7,-1.8314
546.8,-1.8314
546.9,-1.8314
547,-1.8314
547.1,-1.8314
547.2,-1.8314
547.3,-1.8314
547.4,-1.8314
547.5,-1.8314
547.6,-1.8314
547.7,-1.8314
547.8,-1.8314
547.9,-1.8314
548,-1.8314
548.1,-1.8314
548.2,-1.8314
548.3,-1.8314
548.4,-1.8314
548.5,-1.8314
548.6,-1.8314
548.7,-1.8314
548.8,-1.8314
548.9,-1.8314
549,-1.8314
549.1,-1.8314
549.2,-1.8314
549.3,-1.8314
549.4,-1.8314
549.5,-1.8314
549.6,-1.8314
549.7,-1.8314
549.8,-1.8314
549.9,-1.8314
550,-1.8314
550.1,-1.8314
550.2,-1.8314
550.3,-1.8314
550.4,-1.8314
550.5,-1.8314
550.6,-1.8314
550.7,-1.8314
550.8,-1.8314
550.9,-1.8314
551,-1.8314
551.1,-1.8314
551.2,-1.8314
551.3,-1.8314
551.4,-1.8314
551.5,-1.8314
551.6,-1.8314
551.7,-1.8314
551.8,-1.8314
551.9,-1.8314
552,-1.8314
552.1,-1.8314
552.2,-1.8314
552.3,-1.8314
552.4,-1.8314
552.5,-1.8314
552.6,-1.8314
552.7,-1.8314
552.8,-1.8314
552.9,-1.8314
553,-1.8314
553.1,-1.8314
553.2,-1.8314
553.3,-1.8314
553.4,-1.8314
553.5,-1.8314
553.6,-1.8314
553.7,-1.8314
553.8,-1.8314
553.9,-1.8314
554,-1.8314
554.1,-1.8314
554.2,-1.8314
554.3,-1.8314
554.4,-1.8314
554.5,-1.8314
554.6,-1.8314
554.7,-1.8314
554.8,-1.8314
554.9,-1.8314
555,1.749
555.1,1.749
555.2,1.749
555.3,1.749
555.4,1.749
555.5,1.749
555.6,1.749
555.7,1.749
555.8,1.749
555.9,1.749
556,1.749
556.1,1.749
556.2,1.749
556.3,1.749
556.4,1.749
556.5,1.749
556.6,1.749
556.7,1.749
556.8,1.749
556.9,1.749
557,1.749
557.1,1.749
557.2,1.749
557.3,1.749
557.4,1.749
557.5,1.749
557.6,1.749
557.7,1.749
557.8,1.749
557.9,1.749
558,1.749
558.1,1.749
558.2,1.749
558.3,1.749
558.4,1.749
558.5,1.749
558.6,1.749
558.7,1.749
558.8,1.749
558.9,1.749
559,1.749
559.1,1.749
559.2,1.749
559.3,1.749
559.4,1.749
559.5,1.749
559.6,1.749
559.7,1.749
559.8,1.749
559.9,1.749
560,1.749
560.1,1.749
560.2,1.749
560.3,1.749
560.4,1.749
560.5,1.749
560.6,1.749
560.7,1.749
560.8,1.749
560.9,1.749
561,1.749
561.1,1.749
561.2,1.749
561.3,1.749
561.4,1.749
561.5,1.749
561.6,1.749
561.7,1.749
561.8,1.749
561.9,1.749
562,1.749
562.1,1.749
562.2,1.749
562.3,1.749
562.4,1.749
562.5,1.749
562.6,1.749
562.7,1.749
562.8,1.749
562.9,1.749
563,1.749
563.1,1.749
563.2,1.749
563.3,1.749
563.4,1.749
563.5,1.749
563.6,1.749
563.7,1.749
563.8,1.749
563.9,1.749
564,1.749
564.1,1.749
564.2,1.749
564.3,1.749
564.4,1.749
564.5,1.749
564.6,1.749
564.7,1.749
564.8,1.749
564.9,1.749
565,1.749
565.1,1.749
565.2,1.749
565.3,1.749
565.4,1.749
565.5,1.749
565.6,1.749
565.7,1.749
565.8,1.749
565.9,1.749
566,1.749
566.1,1.749
566.2,1.749
566.3,1.749
566.4,1.749
566.5,1.749
566.6,1.749
566.7,1.749
566.8,1.749
566.9,1.749
567,1.749
567.1,1.749
567.2,1.749
567.3,1.749
567.4,1.749
567.5,1.749
567.6,1.749
567.7,1.749
567.8,1.749
567.9,1.749
568,1.749
568.1,1.749
568.2,1.749
568.3,1.749
568.4,1.749
568.5,1.749
568.6,1.749
568.7,1.749
568.8,1.749
568.9,1.749
569,1.749
569.1,1.749
569.2,1.749
569.3,1.749
569.4,1.749
569.5,1.749
569.6,1.749
569.7,1.749
569.8,1.749
569.9,1.749
570,2
570.1,2
570.2,2
570.3,2
570.4,2
570.5,2
570.6,2
570.7,2
570.8,2
570.9,2
571,2
571.1,2
571.2,2
571.3,2
571.4,2
571.5,2
571.6,2
571.7,2
571.8,2
571.9,2
572,2
572.1,2
572.2,2
572.3,2
572.4,2
572.5,2
572.6,2
572.7,2
572.8,2
572.9,2
573,2
573.1,2
573.2,2
573.3,2
573.4,2
573.5,2
573.6,2
573.7,2
573.8,2
573.9,2
574,2
574.1,2
574.2,2
574.3,2
574.4,2
574.5,2
574.6,2
574.7,2
574.8,2
574.9,2
575,2
575.1,2
575.2,2
575.3,2
575.4,2
575.5,2
575.6,2
575.7,2
575.8,2
575.9,2
576,2
576.1,2
576.2,2
576.3,2
576.4,2
576.5,2
576.6,2
576.7,2
576.8,2
576.9,2
577,2
577.1,2
577.2,2
577.3,2
577.4,2
577.5,2
577.6,2
577.7,2
577.8,2
577.9,2
578,2
578.1,2
578.2,2
578.3,2
578.4,2
578.5,2
578.6,2
578.7,2
578.8,2
578.9,2
579,2
579.1,2
579.2,2
579.3,2
579.4,2
579.5,2
579.6,2
579.7,2
579.8,2
579.9,2
580,2
580.1,2
580.2,2
580.3,2
580.4,2
580.5,2
580.6,2
580.7,2
580.8,2
580.9,2
581,2
581.1,2
581.2,2
581.3,2
581.4,2
581.5,2
581.6,2
581.7,2
581.8,2
581.9,2
582,2
582.1,2
582.2,2
582.3,2
582.4,2
582.5,2
582.6,2
582.7,2
582.8,2
582.9,2
583,2
583.1,2
583.2,2
583.3,2
583.4,2
583.5,2
583.6,2
583.7,2
583.8,2
583.9,2
584,2
584.1,2
584.2,2
584.3,2
584.4,2
584.5,2
584.6,2
584.7,2
584.8,2
584.9,2
585,-1.0565
585.1,-1.0565
585.2,-1.0565
585.3,-1.0565
585.4,-1.0565
585.5,-1.0565
585.6,-1.0565
585.7,-1.0565
585.8,-1.0565
585.9,-1.0565
586,-1.0565
586.1,-1.0565
586.2,-1.0565
586.3,-1.0565
586.4,-1.0565
586.5,-1.0565
586.6,-1.0565
586.7,-1.0565
586.8,-1.0565
586.9,-1.0565
587,-1.0565
587.1,-1.0565
587.2,-1.0565
587.3,-1.0565
587.4,-1.0565
587.5,-1.0565
587.6,-1.0565
587.7,-1.0565
587.8,-1.0565
587.9,-1.0565
588,-1.0565
588.1,-1.0565
588.2,-1.0565
588.3,-1.0565
588.4,-1.0565
588.5,-1.0565
588.6,-1.0565
588.7,-1.0565
588.8,-1.0565
588.9,-1.0565
589,-1.0565
589.1,-1.0565
589.2,-1.0565
589.3,-1.0565
589.4,-1.0565
589.5,-1.0565
589.6,-1.0565
589.7,-1.0565
589.8,-1.0565
589.9,-1.0565
590,-1.0565
590.1,-1.0565
590.2,-1.0565
590.3,-1.0565
590.4,-1.0565
590.5,-1.0565
590.6,-1.0565
590.7,-1.0565
590.8,-1.0565
590.9,-1.0565
591,-1.0565
591.1,-1.0565
591.2,-1.0565
591.3,-1.0565
591.4,-1.0565
591.5,-1.0565
591.6,-1.0565
591.7,-1.0565
591.8,-1.0565
591.9,-1.0565
592,-1.0565
592.1,-1.0565
592.2,-1.0565
592.3,-1.0565
592.4,-1.0565
592.5,-1.0565
592.6,-1.0565
592.7,-1.0565
592.8,-1.0565
592.9,-1.0565
593,-1.0565
593.1,-1.0565
593.2,-1.0565
593.3,-1.0565
593.4,-1.0565
593.5,-1.0565
593.6,-1.0565
593.7,-1.0565
593.8,-1.0565
593.9,-1.0565
594,-1.0565
594.1,-1.0565
594.2,-1.0565
594.3,-1.0565
594.4,-1.0565
594.5,-1.0565
594.6,-1.0565
594.7,-1.0565
594.8,-1.0565
594.9,-1.0565
595,-1.0565
595.1,-1.0565
595.2,-1.0565
595.3,-1.0565
595.4,-1.0565
595.5,-1.0565
595.6,-1.0565
595.7,-1.0565
595.8,-1.0565
595.9,-1.0565
596,-1.0565
596.1,-1.0565
596.2,-1.0565
596.3,-1.0565
596.4,-1.0565
596.5,-1.0565
596.6,-1.0565
596.7,-1.0565
596.8,-1.0565
596.9,-1.0565
597,-1.0565
597.1,-1.0565
597.2,-1.0565
597.3,-1.0565
597.4,-1.0565
597.5,-1.0565
597.6,-1.0565
597.7,-1.0565
597.8,-1.0565
597.9,-1.0565
598,-1.0565
598.1,-1.0565
598.2,-1.0565
598.3,-1.0565
598.4,-1.0565
598.5,-1.0565
598.6,-1.0565
598.7,-1.0565
598.8,-1.0565
598.9,-1.0565
599,-1.0565
599.1,-1.0565
599.2,-1.0565
599.3,-1.0565
599.4,-1.0565
599.5,-1.0565
599.6,-1.0565
599.7,-1.0565
599.8,-1.0565
599.9,-1.0565
600,-1.4548
600.1,-1.4548
600.2,-1.4548
600.3,-1.4548
600.4,-1.4548
600.5,-1.4548
600.6,-1.4548
600.7,-1.4548
600.8,-1.4548
600.9,-1.4548
601,-1.4548
601.1,-1.4548
601.2,-1.4548
601.3,-1.4548
601.4,-1.4548
601.5,-1.4548
601.6,-1.4548
601.7,-1.4548
601.8,-1.4548
601.9,-1.4548
602,-1.4548
602.1,-1.4548
602.2,-1.4548
602.3,-1.4548
602.4,-1.4548
602.5,-1.4548
602.6,-1.4548
602.7,-1.4548
602.8,-1.4548
602.9,-1.4548
603,-1.4548
603.1,-1.4548
603.2,-1.4548
603.3,-1.4548
603.4,-1.4548
603.5,-1.4548
603.6,-1.4548
603.7,-1.4548
603.8,-1.4548
603.9,-1.4548
604,-1.4548
604.1,-1.4548
604.2,-1.4548
604.3,-1.4548
604.4,-1.4548
604.5,-1.4548
604.6,-1.4548
604.7,-1.4548
604.8,-1.4548
604.9,-1.4548
605,-1.4548
605.1,-1.4548
605.2,-1.4548
605.3,-1.4548
605.4,-1.4548
605.5,-1.4548
605.6,-1.4548
605.7,-1.4548
605.8,-1.4548
605.9,-1.4548
606,-1.4548
606.1,-1.4548
606.2,-1.4548
606.3,-1.4548
606.4,-1.4548
606.5,-1.4548
606.6,-1.4548
606.7,-1.4548
606.8,-1.4548
606.9,-1.4548
607,-1.4548
607.1,-1.4548
607.2,-1.4548
607.3,-1.4548
607.4,-1.4548
607.5,-1.4548
607.6,-1.4548
607.7,-1.4548
607.8,-1.4548
607.9,-1.4548
608,-1.4548
608.1,-1.4548
608.2,-1.4548
608.3,-1.4548
608.4,-1.4548
608.5,-1.4548
608.6,-1.4548
608.7,-1.4548
608.8,-1.4548
608.9,-1.4548
609,-1.4548
609.1,-1.4548
609.2,-1.4548
609.3,-1.4548
609.4,-1.4548
609.5,-1.4548
609.6,-1.4548
609.7,-1.4548
609.8,-1.4548
609.9,-1.4548
610,-1.4548
610.1,-1.4548
610.2,-1.4548
610.3,-1.4548
610.4,-1.4548
610.5,-1.4548
610.6,-1.4548
610.7,-1.4548
610.8,-1.4548
610.9,-1.4548
611,-1.4548
611.1,-1.4548
611.2,-1.4548
611.3,-1.4548
611.4,-1.4548
611.5,-1.4548
611.6,-1.4548
611.7,-1.4548
611.8,-1.4548
611.9,-1.4548
612,-1.4548
612.1,-1.4548
612.2,-1.4548
612.3,-1.4548
612.4,-1.4548
612.5,-1.4548
612.6,-1.4548
612.7,-1.4548
612.8,-1.4548
612.9,-1.4548
613,-1.4548
613.1,-1.4548
613.2,-1.4548
613.3,-1.4548
613.4,-1.4548
613.5,-1.4548
613.6,-1.4548
613.7,-1.4548
613.8,-1.4548
613.9,-1.4548
614,-1.4548
614.1,-1.4548
614.2,-1.4548
614.3,-1.4548
614.4,-1.4548
614.5,-1.4548
614.6,-1.4548
614.7,-1.4548
614.8,-1.4548
614.9,-1.4548
615,-1.7763
615.1,-1.7763
615.2,-1.7763
615.3,-1.7763
615.4,-1.7763
615.5,-1.7763
615.6,-1.7763
615.7,-1.7763
615.8,-1.7763
615.9,-1.7763
616,-1.7763
616.1,-1.7763
616.2,-1.7763
616.3,-1.7763
616.4,-1.7763
616.5,-1.7763
616.6,-1.7763
616.7,-1.7763
616.8,-1.7763
616.9,-1.7763
617,-1.7763
617.1,-1.7763
617.2,-1.7763
617.3,-1.7763
617.4,-1.7763
617.5,-1.7763
617.6,-1.7763
617.7,-1.7763
617.8,-1.7763
617.9,-1.7763
618,-1.7763
618.1,-1.7763
618.2,-1.7763
618.3,-1.7763
618.4,-1.7763
618.5,-1.7763
618.6,-1.7763
618.7,-1.7763
618.8,-1.7763
618.9,-1.7763
619,-1.7763
619.1,-1.7763
619.2,-1.7763
619.3,-1.7763
619.4,-1.7763
619.5,-1.7763
619.6,-1.7763
619.7,-1.7763
619.8,-1.7763
619.9,-1.7763
620,-1.7763
620.1,-1.7763
620.2,-1.7763
620.3,-1.7763
620.4,-1.7763
620.5,-1.7763
620.6,-1.7763
620.7,-1.7763
620.8,-1.7763
620.9,-1.7763
621,-1.7763
621.1,-1.7763
621.2,-1.7763
621.3,-1.7763
621.4,-1.7763
621.5,-1.7763
621.6,-1.7763
621.7,-1.7763
621.8,-1.7763
621.9,-1.7763
622,-1.7763
622.1,-1.7763
622.2,-1.7763
622.3,-1.7763
622.4,-1.7763
622.5,-1.7763
622.6,-1.7763
622.7,-1.7763
622.8,-1.7763
622.9,-1.7763
623,-1.7763
623.1,-1.7763
623.2,-1.7763
623.3,-1.7763
623.4,-1.7763
623.5,-1.7763
623.6,-1.7763
623.7,-1.7763
623.8,-1.7763
623.9,-1.7763
624,-1.7763
624.1,-1.7763
624.2,-1.7763
624.3,-1.7763
624.4,-1.7763
624.5,-1.7763
624.6,-1.7763
624.7,-1.7763
624.8,-1.7763
624.9,-1.7763
625,-1.7763
625.1,-1.7763
625.2,-1.7763
625.3,-1.7763
625.4,-1.7763
625.5,-1.7763
625.6,-1.7763
625.7,-1.7763
625.8,-1.7763
625.9,-1.7763
626,-1.7763
626.1,-1.7763
626.2,-1.7763
626.3,-1.7763
626.4,-1.7763
626.5,-1.7763
626.6,-1.7763
626.7,-1.7763
626.8,-1.7763
626.9,-1.7763
627,-1.7763
627.1,-1.7763
627.2,-1.7763
627.3,-1.7763
627.4,-1.7763
627.5,-1.7763
627.6,-1.7763
627.7,-1.7763
627.8,-1.7763
627.9,-1.7763
628,-1.7763
628.1,-1.7763
628.2,-1.7763
628.3,-1.7763
628.4,-1.7763
628.5,-1.7763
628.6,-1.7763
628.7,-1.7763
628.8,-1.7763
628.9,-1.7763
629,-1.7763
629.1,-1.7763
629.2,-1.7763
629.3,-1.7763
629.4,-1.7763
629.5,-1.7763
629.6,-1.7763
629.7,-1.7763
629.8,-1.7763
629.9,-1.7763
630,-0.3159
630.1,-0.3159
630.2,-0.3159
630.3,-0.3159
630.4,-0.3159
630.5,-0.3159
630.6,-0.3159
630.7,-0.3159
630.8,-0.3159
630.9,-0.3159
631,-0.3159
631.1,-0.3159
631.2,-0.3159
631.3,-0.3159
631.4,-0.3159
631.5,-0.3159
631.6,-0.3159
631.7,-0.3159
631.8,-0.3159
631.9,-0.3159
632,-0.3159
632.1,-0.3159
632.2,-0.3159
632.3,-0.3159
632.4,-0.3159
632.5,-0.3159
632.6,-0.3159
632.7,-0.3159
632.8,-0.3159
632.9,-0.3159
633,-0.3159
633.1,-0.3159
633.2,-0.3159
633.3,-0.3159
633.4,-0.3159
633.5,-0.3159
633.6,-0.3159
633.7,-0.3159
633.8,-0.3159
633.9,-0.3159
634,-0.3159
634.1,-0.3159
634.2,-0.3159
634.3,-0.3159
634.4,-0.3159
634.5,-0.3159
634.6,-0.3159
634.7,-0.3159
634.8,-0.3159
634.9,-0.3159
635,-0.3159
635.1,-0.3159
635.2,-0.3159
635.3,-0.3159
635.4,-0.3159
635.5,-0.3159
635.6,-0.3159
635.7,-0.3159
635.8,-0.3159
635.9,-0.3159
636,-0.3159
636.1,-0.3159
636.2,-0.3159
636.3,-0.3159
636.4,-0.3159
636.5,-0.3159
636.6,-0.3159
636.7,-0.3159
636.8,-0.3159
636.9,-0.3159
637,-0.3159
637.1,-0.3159
637.2,-0.3159
637.3,-0.3159
637.4,-0.3159
637.5,-0.3159
637.6,-0.3159
637.7,-0.3159
637.8,-0.3159
637.9,-0.3159
638,-0.3159
638.1,-0.3159
638.2,-0.3159
638.3,-0.3159
638.4,-0.3159
638.5,-0.3159
638.6,-0.3159
638.7,-0.3159
638.8,-0.3159
638.9,-0.3159
639,-0.3159
639.1,-0.3159
639.2,-0.3159
639.3,-0.3159
639.4,-0.3159
639.5,-0.3159
639.6,-0.3159
639.7,-0.3159
639.8,-0.3159
639.9,-0.3159
640,-0.3159
640.1,-0.3159
640.2,-0.3159
640.3,-0.3159
640.4,-0.3159
640.5,-0.3159
640.6,-0.3159
640.7,-0.3159
640.8,-0.3159
640.9,-0.3159
641,-0.3159
641.1,-0.3159
641.2,-0.3159
641.3,-0.3159
641.4,-0.3159
641.5,-0.3159
641.6,-0.3159
641.7,-0.3159
641.8,-0.3159
641.9,-0.3159
642,-0.3159
642.1,-0.3159
642.2,-0.3159
642.3,-0.3159
642.4,-0.3159
642.5,-0.3159
642.6,-0.3159
642.7,-0.3159
642.8,-0.3159
642.9,-0.3159
643,-0.3159
643.1,-0.3159
643.2,-0.3159
643.3,-0.3159
643.4,-0.3159
643.5,-0.3159
643.6,-0.3159
643.7,-0.3159
643.8,-0.3159
643.9,-0.3159
644,-0.3159
644.1,-0.3159
644.2,-0.3159
644.3,-0.3159
644.4,-0.3159
644.5,-0.3159
644.6,-0.3159
644.7,-0.3159
644.8,-0.3159
644.9,-0.3159
645,-1.8899
645.1,-1.8899
645.2,-1.8899
645.3,-1.8899
645.4,-1.8899
645.5,-1.8899
645.6,-1.8899
645.7,-1.8899
645.8,-1.8899
645.9,-1.8899
646,-1.8899
646.1,-1.8899
646.2,-1.8899
646.3,-1.8899
646.4,-1.8899
646.5,-1.8899
646.6,-1.8899
646.7,-1.8899
646.8,-1.8899
646.9,-1.8899
647,-1.8899
647.1,-1.8899
647.2,-1.8899
647.3,-1.8899
647.4,-1.8899
647.5,-1.8899
647.6,-1.8899
647.7,-1.8899
647.8,-1.8899
647.9,-1.8899
648,-1.8899
648.1,-1.8899
648.2,-1.8899
648.3,-1.8899
648.4,-1.8899
648.5,-1.8899
648.6,-1.8899
648.7,-1.8899
648.8,-1.8899
648.9,-1.8899
649,-1.8899
649.1,-1.8899
649.2,-1.8899
649.3,-1.8899
649.4,-1.8899
649.5,-1.8899
649.6,-1.8899
649.7,-1.8899
649.8,-1.8899
649.9,-1.8899
650,-1.8899
650.1,-1.8899
650.2,-1.8899
650.3,-1.8899
650.4,-1.8899
650.5,-1.8899
650.6,-1.8899
650.7,-1.8899
650.8,-1.8899
650.9,-1.8899
651,-1.8899
651.1,-1.8899
651.2,-1.8899
651.3,-1.8899
651.4,-1.8899
651.5,-1.8899
651.6,-1.8899
651.7,-1.8899
651.8,-1.8899
651.9,-1.8899
652,-1.8899
652.1,-1.8899
652.2,-1.8899
652.3,-1.8899
652.4,-1.8899
652.5,-1.8899
652.6,-1.8899
652.7,-1.8899
652.8,-1.8899
652.9,-1.8899
653,-1.8899
653.1,-1.8899
653.2,-1.8899
653.3,-1.8899
653.4,-1.8899
653.5,-1.8899
653.6,-1.8899
653.7,-1.8899
653.8,-1.8899
653.9,-1.8899
654,-1.8899
654.1,-1.8899
654.2,-1.8899
654.3,-1.8899
654.4,-1.8899
654.5,-1.8899
654.6,-1.8899
654.7,-1.8899
654.8,-1.8899
654.9,-1.8899
655,-1.8899
655.1,-1.8899
655.2,-1.8899
655.3,-1.8899
655.4,-1.8899
655.5,-1.8899
655.6,-1.8899
655.7,-1.8899
655.8,-1.8899
655.9,-1.8899
656,-1.8899
656.1,-1.8899
656.2,-1.8899
656.3,-1.8899
656.4,-1.8899
656.5,-1.8899
656.6,-1.8899
656.7,-1.8899
656.8,-1.8899
656.9,-1.8899
657,-1.8899
657.1,-1.8899
657.2,-1.8899
657.3,-1.8899
657.4,-1.8899
657.5,-1.8899
657.6,-1.8899
657.7,-1.8899
657.8,-1.8899
657.9,-1.8899
658,-1.8899
658.1,-1.8899
658.2,-1.8899
658.3,-1.8899
658.4,-1.8899
658.5,-1.8899
658.6,-1.8899
658.7,-1.8899
658.8,-1.8899
658.9,-1.8899
659,-1.8899
659.1,-1.8899
659.2,-1.8899
659.3,-1.8899
659.4,-1.8899
659.5,-1.8899
659.6,-1.8899
659.7,-1.8899
659.8,-1.8899
659.9,-1.8899
660,1.8314
660.1,1.8314
660.2,1.8314
660.3,1.8314
660.4,1.8314
660.5,1.8314
660.6,1.8314
660.7,1.8314
660.8,1.8314
660.9,1.8314
661,1.8314
661.1,1.8314
661.2,1.8314
661.3,1.8314
661.4,1.8314
661.5,1.8314
661.6,1.8314
661.7,1.8314
661.8,1.8314
661.9,1.8314
662,1.8314
662.1,1.8314
662.2,1.8314
662.3,1.8314
662.4,1.8314
662.5,1.8314
662.6,1.8314
662.7,1.8314
662.8,1.8314
662.9,1.8314
663,1.8314
663.1,1.8314
663.2,1.8314
663.3,1.8314
663.4,1.8314
663.5,1.8314
663.6,1.8314
663.7,1.8314
663.8,1.8314
663.9,1.8314
664,1.8314
664.1,1.8314
664.2,1.8314
664.3,1.8314
664.4,1.8314
664.5,1.8314
664.6,1.8314
664.7,1.8314
664.8,1.8314
664.9,1.8314
665,1.8314
665.1,1.8314
665.2,1.8314
665.3,1.8314
665.4,1.8314
665.5,1.8314
665.6,1.8314
665.7,1.8314
665.8,1.8314
665.9,1.8314
666,1.8314
666.1,1.8314
666.2,1.8314
666.3,1.8314
666.4,1.8314
666.5,1.8314
666.6,1.8314
666.7,1.8314
666.8,1.8314
666.9,1.8314
667,1.8314
667.1,1.8314
667.2,1.8314
667.3,1.8314
667.4,1.8314
667.5,1.8314
667.6,1.8314
667.7,1.8314
667.8,1.8314
667.9,1.8314
668,1.8314
668.1,1.8314
668.2,1.8314
668.3,1.8314
668.4,1.8314
668.5,1.8314
668.6,1.8314
668.7,1.8314
668.8,1.8314
668.9,1.8314
669,1.8314
669.1,1.8314
669.2,1.8314
669.3,1.8314
669.4,1.8314
669.5,1.8314
669.6,1.8314
669.7,1.8314
669.8,1.8314
669.9,1.8314
670,1.8314
670.1,1.8314
670.2,1.8314
670.3,1.8314
670.4,1.8314
670.5,1.8314
670.6,1.8314
670.7,1.8314
670.8,1.8314
670.9,1.8314
671,1.8314
671.1,1.8314
671.2,1.8314
671.3,1.8314
671.4,1.8314
671.5,1.8314
671.6,1.8314
671.7,1.8314
671.8,1.8314
671.9,1.8314
672,1.8314
672.1,1.8314
672.2,1.8314
672.3,1.8314
672.4,1.8314
672.5,1.8314
672.6,1.8314
672.7,1.8314
672.8,1.8314
672.9,1.8314
673,1.8314
673.1,1.8314
673.2,1.8314
673.3,1.8314
673.4,1.8314
673.5,1.8314
673.6,1.8314
673.7,1.8314
673.8,1.8314
673.9,1.8314
674,1.8314
674.1,1.8314
674.2,1.8314
674.3,1.8314
674.4,1.8314
674.5,1.8314
674.6,1.8314
674.7,1.8314
674.8,1.8314
674.9,1.8314
675,-1.749
675.1,-1.749
675.2,-1.749
675.3,-1.749
675.4,-1.749
675.5,-1.749
675.6,-1.749
675.7,-1.749
675.8,-1.749
675.9,-1.749
676,-1.749
676.1,-1.749
676.2,-1.749
676.3,-1.749
676.4,-1.749
676.5,-1.749
676.6,-1.749
676.7,-1.749
676.8,-1.749
676.9,-1.749
677,-1.749
677.1,-1.749
677.2,-1.749
677.3,-1.749
677.4,-1.749
677.5,-1.749
677.6,-1.749
677.7,-1.749
677.8,-1.749
677.9,-1.749
678,-1.749
678.1,-1.749
678.2,-1.749
678.3,-1.749
678.4,-1.749
678.5,-1.749
678.6,-1.749
678.7,-1.749
678.8,-1.749
678.9,-1.749
679,-1.749
679.1,-1.749
679.2,-1.749
679.3,-1.749
679.4,-1.749
679.5,-1.749
679.6,-1.749
679.7,-1.749
679.8,-1.749
679.9,-1.749
680,-1.749
680.1,-1.749
680.2,-1.749
680.3,-1.749
680.4,-1.749
680.5,-1.749
680.6,-1.749
680.7,-1.749
680.8,-1.749
680.9,-1.749
681,-1.749
681.1,-1.749
681.2,-1.749
681.3,-1.749
681.4,-1.749
681.5,-1.749
681.6,-1.749
681.7,-1.749
681.8,-1.749
681.9,-1.749
682,-1.749
682.1,-1.749
682.2,-1.749
682.3,-1.749
682.4,-1.749
682.5,-1.749
682.6,-1.749
682.7,-1.749
682.8,-1.749
682.9,-1.749
683,-1.749
683.1,-1.749
683.2,-1.749
683.3,-1.749
683.4,-1.749
683.5,-1.749
683.6,-1.749
683.7,-1.749
683.8,-1.749
683.9,-1.749
684,-1.749
684.1,-1.749
684.2,-1.749
684.3,-1.749
684.4,-1.749
684.5,-1.749
684.6,-1.749
684.7,-1.749
684.8,-1.749
684.9,-1.749
685,-1.749
685.1,-1.749
685.2,-1.749
685.3,-1.749
685.4,-1.749
685.5,-1.749
685.6,-1.749
685.7,-1.749
685.8,-1.749
685.9,-1.749
686,-1.749
686.1,-1.749
686.2,-1.749
686.3,-1.749
686.4,-1.749
686.5,-1.749
686.6,-1.749
686.7,-1.749
686.8,-1.749
686.9,-1.749
687,-1.749
687.1,-1.749
687.2,-1.749
687.3,-1.749
687.4,-1.749
687.5,-1.749
687.6,-1.749
687.7,-1.749
687.8,-1.749
687.9,-1.749
688,-1.749
688.1,-1.749
688.2,-1.749
688.3,-1.749
688.4,-1.749
688.5,-1.749
688.6,-1.749
688.7,-1.749
688.8,-1.749
688.9,-1.749
689,-1.749
689.1,-1.749
689.2,-1.749
689.3,-1.749
689.4,-1.749
689.5,-1.749
689.6,-1.749
689.7,-1.749
689.8,-1.749
689.9,-1.749
690,-2
690.1,-2
690.2,-2
690.3,-2
690.4,-2
690.5,-2
690.6,-2
690.7,-2
690.8,-2
690.9,-2
691,-2
691.1,-2
691.2,-2
691.3,-2
691.4,-2
691.5,-2
691.6,-2
691.7,-2
691.8,-2
691.9,-2
692,-2
692.1,-2
692.2,-2
692.3,-2
692.4,-2
692.5,-2
692.6,-2
692.7,-2
692.8,-2
692.9,-2
693,-2
693.1,-2
693.2,-2
693.3,-2
693.4,-2
693.5,-2
693.6,-2
693.7,-2
693.8,-2
693.9,-2
694,-2
694.1,-2
694.2,-2
694.3,-2
694.4,-2
694.5,-2
694.6,-2
694.7,-2
694.8,-2
694.9,-2
695,-2
695.1,-2
695.2,-2
695.3,-2
695.4,-2
695.5,-2
695.6,-2
695.7,-2
695.8,-2
695.9,-2
696,-2
696.1,-2
696.2,-2
696.3,-2
696.4,-2
696.5,-2
696.6,-2
696.7,-2
696.8,-2
696.9,-2
697,-2
697.1,-2
697.2,-2
697.3,-2
697.4,-2
697.5,-2
697.6,-2
697.7,-2
697.8,-2
697.9,-2
698,-2
698.1,-2
698.2,-2
698.3,-2
698.4,-2
698.5,-2
698.6,-2
698.7,-2
698.8,-2
698.9,-2
699,-2
699.1,-2
699.2,-2
699.3,-2
699.4,-2
699.5,-2
699.6,-2
699.7,-2
699.8,-2
699.9,-2
700,-2
700.1,-2
700.2,-2
700.3,-2
700.4,-2
700.5,-2
700.6,-2
700.7,-2
700.8,-2
700.9,-2
701,-2
701.1,-2
701.2,-2
701.3,-2
701.4,-2
701.5,-2
701.6,-2
701.7,-2
701.8,-2
701.9,-2
702,-2
702.1,-2
702.2,-2
702.3,-2
702.4,-2
702.5,-2
702.6,-2
702.7,-2
702.8,-2
702.9,-2
703,-2
703.1,-2
703.2,-2
703.3,-2
703.4,-2
703.5,-2
703.6,-2
703.7,-2
703.8,-2
703.9,-2
704,-2
704.1,-2
704.2,-2
704.3,-2
704.4,-2
704.5,-2
704.6,-2
704.7,-2
704.8,-2
704.9,-2
705,1.0565
705.1,1.0565
705.2,1.0565
705.3,1.0565
705.4,1.0565
705.5,1.0565
705.6,1.0565
705.7,1.0565
705.8,1.0565
705.9,1.0565
706,1.0565
706.1,1.0565
706.2,1.0565
706.3,1.0565
706.4,1.0565
706.5,1.0565
706.6,1.0565
706.7,1.0565
706.8,1.0565
706.9,1.0565
707,1.0565
707.1,1.0565
707.2,1.0565
707.3,1.0565
707.4,1.0565
707.5,1.0565
707.6,1.0565
707.7,1.0565
707.8,1.0565
707.9,1.0565
708,1.0565
708.1,1.0565
708.2,1.0565
708.3,1.0565
708.4,1.0565
708.5,1.0565
708.6,1.0565
708.7,1.0565
708.8,1.0565
708.9,1.0565
709,1.0565
709.1,1.0565
709.2,1.0565
709.3,1.0565
709.4,1.0565
709.5,1.0565
709.6,1.0565
709.7,1.0565
709.8,1.0565
709.9,1.0565
710,1.0565
710.1,1.0565
710.2,1.0565
710.3,1.0565
710.4,1.0565
710.5,1.0565
710.6,1.0565
710.7,1.0565
710.8,1.0565
710.9,1.0565
711,1.0565
711.1,1.0565
711.2,1.0565
711.3,1.0565
711.4,1.0565
711.5,1.0565
711.6,1.0565
711.7,1.0565
711.8,1.0565
711.9,1.0565
712,1.0565
712.1,1.0565
712.2,1.0565
712.3,1.0565
712.4,1.0565
712.5,1.0565
712.6,1.0565
712.7,1.0565
712.8,1.0565
712.9,1.0565
713,1.0565
713.1,1.0565
713.2,1.0565
713.3,1.0565
713.4,1.0565
713.5,1.0565
713.6,1.0565
713.7,1.0565
713.8,1.0565
713.9,1.0565
714,1.0565
714.1,1.0565
714.2,1.0565
714.3,1.0565
714.4,1.0565
714.5,1.0565
714.6,1.0565
714.7,1.0565
714.8,1.0565
714.9,1.0565
715,1.0565
715.1,1.0565
715.2,1.0565
715.3,1.0565
715.4,1.0565
715.5,1.0565
715.6,1.0565
715.7,1.0565
715.8,1.0565
715.9,1.0565
716,1.0565
716.1,1.0565
716.2,1.0565
716.3,1.0565
716.4,1.0565
716.5,1.0565
716.6,1.0565
716.7,1.0565
716.8,1.0565
716.9,1.0565
717,1.0565
717.1,1.0565
717.2,1.0565
717.3,1.0565
717.4,1.0565
717.5,1.0565
717.6,1.0565
717.7,1.0565
717.8,1.0565
717.9,1.0565
718,1.0565
718.1,1.0565
718.2,1.0565
718.3,1.0565
718.4,1.0565
718.5,1.0565
718.6,1.0565
718.7,1.0565
718.8,1.0565
718.9,1.0565
719,1.0565
719.1,1.0565
719.2,1.0565
719.3,1.0565
719.4,1.0565
719.5,1.0565
719.6,1.0565
719.7,1.0565
719.8,1.0565
719.9,1.0565
